2.057223002827601 2.803947803379067
2.546382758676235 4.670432135289381
3.240152903296246 3.773503011488165
4.990752343605115 2.071918056180164
2.156464083952321 0.2434140483803047
2.13970253524199 5.024646280893065
1.146357056023459 2.273255618698056
5.169103744291461 3.501080031790111
2.012113162376754 1.68775711284215
0.9705684372726194 0.8227034457232191
3.347139504594377 1.448839144940071
3.733397429601144 1.029011286481992
3.763553861812383 4.752459700673954
2.327084452369041 3.682871023889793
1.893529756478825 1.209224479819374
1.869817822845589 3.097817494548424
0.5777497386835158 2.730629230394985
4.017287562695566 3.333957058847274
2.950349337687825 4.261287538568927
5.892351407279985 3.940121921379836
2.002644081957899 2.170121113444027
3.736858983456985 3.570748951789834
5.106438209188701 5.068540266702335
5.327036518017555 2.993720167385832
5.164099357245959 4.829402879246377
3.672382941014783 2.78052685467683
3.904381197764672 2.556808405713916
4.912907278296909 3.777059843938558
2.828545022730772 4.014413442933636
3.127628633730926 2.416349152645383
2.040634667448938 2.890206721904208
1.992039221128119 3.363865334928475
3.09466211858806 3.530447428147032
4.100620572665721 3.897577682557371
3.626406085714558 2.542580872357715
3.390206633127278 1.85343617439596
4.767370550746993 2.883872273219861
2.966486090786826 3.158360783042063
2.728860367762469 4.590546044171687
2.475315836411652 1.907075038424092
1.842896126697439 4.063561252010865
5.620088466789121 0.4863293154511102
4.392246196306658 1.331589164414931
1.679368014695121 1.870997323952435
5.918254477384072 3.077215214388619
3.289064488712052 4.39280244594953
1.584258838037891 2.320569585007019
1.969556741178537 1.596775548479104
2.977489747770039 3.433038106962845
4.159124732349849 2.145356738752364
5.330656944982807 3.913515989038689
5.899278907868494 2.847103564994643
2.785545201740826 2.998774868042553
4.638806056169246 4.162538184646174
0.846965286701694 2.89690261542665
5.27838403287056 5.279621817623603
3.354338958612933 2.529514161424438
1.94057015075811 3.99410663437193
4.600377558735491 1.835742304124405
1.859703324179411 3.91270081827107
3.302990225829708 1.330790826870037
3.505043148456356 2.792205551865549
3.174483128344343 3.515210881307002
1.779120516050751 3.175591185477092
4.480503424002288 0.1192615278883814
5.218089165156512 3.189021772356725
2.399677193207023 2.114185411448976
1.645707959439912 2.187147003074343
2.262775664390908 1.390082863578178
3.497673158178398 3.543827088399565
3.418240745256595 1.740679238184799
3.137386446702091 4.772722633964719
3.297090600020736 3.568586536990301
3.253575717686834 0.7343361598961863
3.624672252618842 1.122546451628262
5.052220546634986 2.844767470431661
2.698005013068523 3.839589143310398
3.297899298557272 3.44095182580887
5.262086075700084 4.245859287597963
1.087721363050962 0.5909284926590345
4.076248552140439 1.281217171603878
1.386387534803111 2.462692487979575
2.154036354807625 3.728830734592217
2.681767765849488 1.917690072063329
3.115809867340464 3.271316646125642
3.374780675443905 3.174710004020459
4.229530907902234 2.245309746520856
5.681612657629268 2.864911035535483
2.306984826437612 5.205074495521417
4.583919975358465 2.697748275419714
2.163828503813583 2.022788930408382
2.522069369822344 2.342411826260578
3.738287606571443 0.6193688753019059
1.418773640914183 3.75095680438435
2.209066865504461 5.128880651289913
2.359837964369505 1.660971081858237
1.798058590832391 4.285340811001332
2.515670958747514 3.023207058603997
1.878217886492977 5.290194380535542
0.144090983888248 1.112791588441207
2.784197999880531 1.989917609929995
2.987572344806185 3.548587850663354
2.553855970325774 2.42789328549154
1.773395389374965 1.47134725081814
4.326859027115643 4.022430415822658
4.334071615272596 0.3445362447896814
2.937175394127322 4.1598640759301
1.42838538259611 0.1406871590936809
2.77453154146348 4.298649710004731
2.439917104036689 3.641398806694919
3.234434371109337 5.388891395652261
2.685084292037284 2.924535145977651
3.156493388703276 2.5654006560381
4.168675218173538 2.624710717884358
1.835379708297551 3.023329231579889
1.568092287770597 2.750016518752948
0.8939014128169671 2.472571581891482
2.346006080999822 4.757459611772148
1.605095720054654 3.521608959690165
4.820821919101064 2.777587655167218
0.09489362120735448 2.384998111005157
3.481457751725922 1.641209078426134
1.516080213678037 5.151209435613035
2.353445821303568 3.072681194819098
2.634924594258613 3.883062269207992
3.930633047723662 2.350068418366853
2.723715566667897 0.6201133106509248
3.328808179849902 0.0812736113698998
3.11717532070704 3.382556237860307
4.161534166164691 2.953068511832309
4.288980376325362 3.678296077070792
2.398011853671293 5.104817963584347
4.790678616577237 3.828723688773621
4.421700357200997 1.605196481726039
1.938795647299374 4.433634215679929
3.241100529477257 1.615718590542546
2.111623938166314 2.56763248719557
4.960958189143105 4.716881474199816
3.870164652454047 4.27635322687343
3.826586021402673 2.870901613652123
2.256090135829304 1.136650246692431
3.019149872424217 4.332043845972161
3.674758940956089 3.347222549937748
1.062306838046217 4.104286877495301
2.941949902449855 2.516182068292982
2.759187190376697 5.076848689990201
0.294764475430396 2.899018577938363
2.263315972532184 1.971984977132281
1.098330921514158 0.1221759500744934
2.365783278328725 5.813863644180902
2.915263573161055 1.175367216147312
5.827983284782371 0.2138218131805832
4.290612346336241 2.017528558346863
3.217009264214077 4.962598354457192
5.869387348646592 0.6904749860746174
2.808172745087728 1.083041218828036
3.037794300488874 3.885518881364011
2.324955376568571 4.188263100616513
1.797675990677235 1.108996107466455
3.593181120936787 3.814253443405383
4.866449360151591 2.609160982288973
0.7347673960581298 3.028526517015373
2.938019892015795 2.866990133302259
1.943518678396065 1.808098412290581
2.937662766698511 2.655805636582667
3.654694701006237 3.063077893884525
3.428839129402621 4.237974407048545
3.426110439688224 2.322217117831315
3.254069485229224 2.201971557735456
3.49000724323965 2.007251514363318
2.545626247937911 4.028747296999377
5.070931009806958 3.004439571937097
1.774814868585332 2.421760466710416
4.209960209121523 3.878998257996053
1.691786129332485 2.922271407599744
4.624867030199185 2.514539706693531
1.642617432069125 3.870944738805338
2.73788833871337 2.07674181784433
2.585689159687588 1.422595510559056
4.102626896477743 3.997095495869338
4.717918156796079 3.397049974928937
3.586027069361884 4.002302626908183
2.708251079955814 0.7795114889182634
3.509867201094917 2.726878176562726
1.563766701018112 2.622605664973662
4.222196133971664 1.022796297799962
1.610703957047753 3.654840164711843
2.732930956870873 5.365426282472918
3.450647951194826 3.11370175877212
2.859724807999846 1.680986148733154
1.882389359308611 2.829943933242394
3.481105114675505 4.961609912513616
1.667524993139739 3.76315313896546
2.093331619176988 2.357926341963149
4.18192191222503 2.84484329644294
2.210491610323082 2.840984566076608
1.730462871879332 5.898744933811329
0.6834345846351799 1.996630023648851
3.249288192557715 1.528136148247748
0.5930367300729789 3.050314957219835
2.421742017393828 4.957830360853719
1.25147002047143 2.853747498141274
2.028360255536908 0.7891953993043709
3.218284055236667 3.121939130740812
0.6982661866322631 5.352113337293527
0.5308976732097831 2.889886684358225
5.696556472179323 1.586548936033855
2.368914208900637 3.411453684998354
1.523371235751978 3.580269244595014
1.330039041250553 1.010499151389197
3.119683940367874 3.848522770183423
4.957089144440412 1.205234931702022
3.388582164749045 3.449121634542311
1.275018095239416 2.50017372293953
1.531990560587646 3.890898233829144
2.92316108258275 3.303043830256903
3.791249355339097 5.69804058980966
2.277409145574977 3.296629356051004
4.952877425099246 3.395459592906041
3.212768539901194 2.017603014803611
3.16285447396123 3.227758557772671
3.403391503858882 2.875568890166758
2.252714319632935 3.755510731853876
2.626313915910669 3.530153712218071
5.090330759923239 4.243273085282432
2.768873660106297 1.606867212520235
2.930094854245394 4.54868883000043
4.892787159823058 3.518275364202044
3.585077183468006 2.789793320424587
2.382526197207512 1.341364321231817
4.691807039733151 1.934029427364725
3.204558814348244 3.430644361424082
1.947638277818941 2.663170215670398
1.958009981886657 3.203398211842663
2.289541300960718 2.44516198415805
0.1199724290691473 1.411153764005784
2.768980246592629 2.360260578332404
3.439773261820593 3.39158574019503
4.942302656943352 3.116262774296556
2.654641425854938 3.195202583567815
3.863007199199791 2.631071251018847
1.896356936308573 0.4867397134454914
5.518671231813917 3.210482709739054
4.075196269043507 1.648247290262928
3.627994339961462 1.818952343716023
3.947343441198344 2.109713002537142
1.242726822416039 0.3651040008014443
3.095574880779421 0.9031751473579297
4.462777226217851 3.048731680931879
4.571302490719626 1.261111653196074
2.639283131586892 3.983888154729458
3.81732283400366 0.8968790033334716
3.226954086822694 2.621298490562302
2.276589864235059 3.952995711931053
2.983745458592808 5.79506953632084
4.556857978782652 5.249920424504944
4.266863550483285 2.786665100365461
1.140242033146335 1.87051609663923
2.550611259896826 2.890467808583058
2.857783207721988 5.534276377915707
1.950941906398286 0.1021670478078704
3.591997460774762 3.017519786003719
0.5095757184536871 1.683472754856529
2.905851252378096 1.479703158881641
2.06672241571234 3.811411692377649
1.089136518564857 5.633772155721226
3.938613326391161 2.483418114182577
2.862879818921941 0.5750845655420392
3.882712554684829 2.955221649730841
1.597494655746632 4.818530548716351
1.780784378281798 4.831549692304219
0.8077130817523681 5.631424124353746
2.058521025107841 2.519152699738642
5.174892226319092 3.933567497524762
3.173653191960501 1.339638862790015
4.298952733965575 1.190428031577979
5.030825246643346 3.540409014275334
2.91790295290967 3.97411802965643
5.862275191673911 5.123439462859142
1.410441129020233 5.91293219059497
4.576852422842757 3.565759955120062
0.8728599797224702 4.81330481031893
0.9890356099091288 2.872441849781633
2.650715912079972 3.384980914326275
1.762212253376485 1.696015724181837
2.555423725123082 4.454282662968477
3.769319906999504 4.369059019489353
2.87325633043752 5.932603176259676
0.7450396572699068 3.944427247411654
5.919612267182953 3.730657054198414
2.525061043498724 5.051880645737644
5.418252129056284 4.314379744315163
3.164059094357781 2.116365971827549
1.745288075096624 0.7648743889347872
2.105996605134393 2.721232610639945
3.671961043112466 2.487897025534978
4.346616601207933 3.125001437841894
3.858093766313524 3.688979648724623
0.5766194734349732 3.577394603758569
5.066245503964113 1.366778613148391
2.961820864675606 2.733000743160091
0.6145188169385856 2.150744518965897
2.137086869968534 2.638112923022536
3.280059377944828 3.708310273384387
1.70111591663339 0.1109128177076636
2.702843241989159 3.240284331938325
4.600898761702147 0.730365485836251
3.233234906836765 2.837963389554049
1.169965380871123 3.638798028772802
4.181838645492338 1.652672461074151
4.808346531600449 1.654832929612986
0.8896331617340451 3.268589490164638
3.000059242622692 1.277413981991627
2.660226820241331 3.130411602922262
3.515991340936098 0.09162943772783841
3.030527803069089 0.3844270851987102
1.762557221753016 3.070298153975548
2.127058884645697 4.260884357199175
2.907072492368057 5.274140734289259
2.349546419006568 2.041794261859883
2.583023560848686 0.9925681579664193
1.001849090657565 4.637855268686986
3.549142677749524 2.092995725148631
3.038770678187911 2.828195492802292
3.372163660306421 4.32643692227502
2.403552698545631 3.133947702889372
3.384929013581782 4.835752429548686
2.287034735634045 2.258380251757562
4.753317431840166 4.256820603538184
4.172205634772426 2.023959077820894
4.253242975404875 4.26006563353262
4.573386073127237 4.910292754522054
4.060005125797724 4.178198435778247
3.101952275591525 2.177700580489587
4.219722591682666 5.520889830064964
5.735104037368699 4.268440388327608
1.675774347175145 4.272119781895473
2.608176076179681 2.332275757809017
0.7564062447487961 1.439986872325601
3.745413554907349 2.81465625447593
4.461289030545157 3.720182179370332
3.868076132243807 1.736655243964045
3.351960489930876 2.974108327923904
2.296113885823536 2.155444326185544
2.531984977246971 3.09457586924791
5.456362561295618 3.067563709862525
4.049782423353962 2.754660081139339
0.4332043088226244 3.013417218620253
1.608078636390729 3.991002653269009
2.997353283091108 5.068001244513065
2.364230000334719 1.940072679440231
4.118030127762619 1.867518349522955
0.5428760905578043 0.3944148009232473
4.154870840504119 3.797465104071857
4.510034439630816 3.476863210153311
1.655063943950455 4.963047277636889
2.54568198608166 2.246680133435773
5.142783223536158 2.318668218489236
2.577000872205291 2.044730438964951
2.183609707023839 4.368643274381655
2.842807060801549 0.7128347410294228
2.768850528213274 4.824712905302341
3.779515028042205 2.202796468706675
1.306892184064152 5.28979983919114
3.68720728214328 5.503730885955661
3.26623380724179 2.495992594849241
1.998634301341722 4.223796193875583
2.439484055361163 0.6229197147461514
2.170410241886282 2.508544557339796
3.495302048056799 2.16862875394622
0.8849022760890161 5.192469323568971
2.946202107922144 2.374591347652665
2.621203743896387 5.779597266712344
3.551152153399186 5.616859988349587
1.738078186112075 3.900207804677633
2.483533744531592 2.871706889709221
0.799088122708694 2.603636353026824
1.22008360304895 3.48712152610991
1.406901301291406 1.957362759683342
1.996006068623673 3.631935679581307
1.699024395183743 3.571183474222642
4.263746461273455 4.11375585863499
2.292509458543275 4.103506690595031
2.323130217166171 4.879810772090346
1.802815862295853 1.800122760747006
3.054462346285677 2.096781434293715
2.292670694582585 5.506003614347417
3.573344851661482 3.577650940646839
1.74851446690237 1.262437711401707
3.373103611218729 2.663589763377571
2.005221300019205 4.668953703422381
3.540230292077296 4.716852905350332
2.40870614350504 2.956031088199927
3.573229360923871 0.7331248323271277
1.302934118992458 4.705908798533535
2.05211946887269 2.63574295401183
0.6059443277762225 5.857127147932585
4.700864184406869 2.301474924830988
4.621920534530767 2.402915935188766
2.946992004452015 2.230275621710587
2.179948904392075 0.8019905608809794
2.135143768592244 4.079161297971959
3.891134973652143 2.818686219717612
2.75549611951713 1.30458696593399
4.453473801794605 5.89252840848094
2.727842251210744 3.776988400266887
2.803227327972357 5.793086653318478
1.419651264554284 3.866860208942057
1.145555782949906 2.424480461508598
5.769448730437343 3.005385814104293
3.744026604928823 3.107527768668553
2.841982397979697 3.604507014755664
1.781209029859951 5.64540169162978
2.925019941705941 2.928371236062485
2.300129816380712 3.490049987487742
3.41317128474332 3.88292737468901
5.052754067676346 2.705000208898072
5.216010049853457 2.161539926546338
0.1177190872206784 1.690571293626033
4.765691792762652 2.677637081145202
2.888381332170963 3.540515116512661
1.875242701693446 2.590922632703772
3.577001152298179 3.1979257542651
3.649579913940416 2.299249551220846
2.113713050749163 1.080563866732986
1.434874953270092 4.836310471225121
2.163965305632381 5.266769943656784
4.284487978039859 4.821340516847503
4.253866576824916 4.573095666793977
3.232169975165109 1.426322538329857
4.349082328208614 4.356913939088915
2.203910655834122 4.168367666563641
3.657562161549128 3.519827774165114
4.521471815509648 4.118703436537964
5.011108098480107 5.313552354692201
3.868948446412486 0.5133719523548135
2.946550026473783 3.049741269613068
2.579511253115525 4.351313978312484
1.568164970022044 1.961133587540809
4.41238333879952 1.478808851740897
2.822377583884505 3.29687771990774
2.737904212338821 5.659362613526124
2.164651148290168 4.670581974043287
4.645026114263174 4.558425630181064
2.582420628115798 2.675549912923154
2.345516747806387 1.554006398074391
5.369596566542204 2.144151825996158
1.404450633887245 1.796869712826543
5.765213804390899 3.686450126161991
1.19217558601182 3.753242238421164
5.706142116812903 2.083075652683609
3.810752563642459 2.684423107425452
3.576231497660296 1.43276228313581
2.587637479707032 0.579838492961557
4.12009564219384 3.622253384534403
1.238149710602082 3.196559385158735
2.37789216596054 2.50676456048885
4.740549308815314 5.857654740495796
3.560447237992561 3.118961562035765
0.9038447791710629 3.995696059246273
2.536273344332951 4.25342867604962
3.898216977237539 1.388851437795021
3.526202466440168 3.266332541468048
4.398852764833136 4.107677446516757
1.098416258525293 2.120098763527769
1.468878479325105 4.698361885524464
2.440381537970077 3.361301625981975
2.452185925861795 0.9191473029671144
3.57488740058236 2.363521785817702
3.581189946850473 2.17951326411294
3.213633504764521 2.543753271976517
2.974785555418447 3.330413026763031
2.444727467081806 2.369791802673263
4.335226539464032 2.220008097232138
5.193397946727876 1.853439030715658
3.699453686213932 0.4342268170517458
2.677013447370233 4.164104801063777
0.104026231806446 2.971507015338924
2.546708420615135 3.546704669017315
1.559284832054341 0.669096215481161
0.1519733965976924 5.061748756458246
2.892086684660113 2.168892571588255
4.91563846953678 2.848093458831366
2.625060078931477 3.459946330809669
2.44589670237288 4.816431218474991
3.34206183540012 3.64518881277637
2.08291936244558 2.087582602232074
0.8468402946460465 1.9787137550847
2.191142697450935 0.0772581209265765
3.296748903790202 3.313690856289292
3.684907398003587 1.737476592591457
0.9786983460649162 3.482979255138142
3.164835587214837 4.571292399892055
3.296751783250299 4.278915861674659
2.903327913763691 4.442667289584065
2.581282597878568 0.7199855625676521
1.426501182059956 0.8266840633260557
4.178143349521614 5.312657999466919
5.486577667302234 2.914076255273062
3.078244525671659 5.935242479065676
2.273031871934502 2.947994111726049
3.780443479990676 1.782936390353278
4.740425773807073 3.717372915478877
3.971587172730541 2.720109762883983
5.71404597779145 4.052146630728132
4.256865227150164 3.215940144474638
4.448459432992353 4.756457404696581
3.775142245046188 0.2633503123269869
3.907024286481232 3.747964133047833
4.176457578468205 5.890515052849073
2.721826254043516 0.2770585894143727
3.420769621022416 2.238038639463066
1.697449581598892 4.424850803254548
2.900744718090901 3.180989413243793
3.092900445647699 4.149490130403469
2.267138534607794 2.663728185391438
3.097548909969253 3.185453777578154
3.341278971107918 3.381398737983093
4.837996285572426 2.991329402712277
2.884030792722055 4.875865203653047
3.319677518553446 2.612473009494497
1.869123525307944 5.134444999785226
5.359487535230384 4.090048276621417
2.74620238904731 2.794407221875139
4.533649317330219 2.575663330270806
2.886608479930534 0.2712829940299831
2.378542266249237 3.586932732654264
0.702660269506043 0.1330059985705937
4.716322365876133 3.01003575475651
4.010496504729239 4.792394632456825
5.671718768106864 2.299371578448569
4.826799711905636 3.652660323620118
4.50008642458168 1.939343398278611
4.95566862658115 2.971611117788865
3.466990395883675 3.47465163139813
3.108521270631019 0.768973177394809
4.945095793985553 3.643487435278059
1.457616204424667 3.105281439532575
2.589978812654594 0.09421477448964007
2.684736256083165 5.927803637265233
2.08074252788857 3.33709327330142
5.614674120340917 3.354895866466677
3.17909068313366 2.229927116464093
3.088530601766419 3.023271205665287
2.578652723849563 2.819038945327451
1.643132799762819 2.070964108665182
3.615713989753669 4.887204059441499
3.037510835605285 2.97272235011134
3.344180496962549 4.185955827730594
2.279249524839698 1.85798412782041
2.739525576939809 4.084060666746953
5.002074172394387 2.319100523797192
5.543633598558215 4.173056483495635
4.228878842307352 0.1045311657310072
3.871886257927783 5.380037801043676
2.214286174314657 0.4029421658364621
3.180991400510753 2.904498925353489
4.892085608401954 3.255123753159607
0.8552013336099107 3.555655090913464
5.288455239616786 3.576692199463191
1.461331929283675 1.170928638753973
4.858655599964736 2.494080486110469
4.494910571523723 0.8874204197290706
1.777698473577004 3.404948298643358
3.878726179330761 1.944506337694246
4.995043295562841 2.567979242328129
1.674758986977522 2.685353962983514
2.855630638789327 4.228687431000117
2.482560721275126 3.890048325098683
2.279448226061342 2.867133987947451
4.028736401839653 1.40325045163193
4.077652614569701 3.54729523410413
5.905749851164834 3.506287543607198
3.095378599154553 1.921246393379576
2.700255920491292 1.799018559135824
4.906181102212552 1.785645155212184
3.399600891346602 2.052226370023307
2.127171796596872 5.45005236152728
1.500343658211972 2.070327466716611
4.470099985548979 4.218647245723195
1.620144756565705 4.140526823301084
2.528401966925644 3.201682124607874
2.365802442249481 3.321483294453054
3.675838677266977 2.949237860395375
1.813803786186851 3.597621665071381
3.84655741952947 4.165702443079291
5.900984246505788 1.971435953576539
1.816732219548315 4.530457209641067
4.531638437770281 1.707002376830273
5.897035531776994 1.702763661112554
2.991588808846176 3.275215706321765
2.34634529925897 4.010973517170742
5.30498427732193 1.990923545573112
2.028178697002017 5.333316078259933
3.649931744219455 3.595851767846873
5.373143669892303 5.843726330056858
5.876745394853674 4.789734278054095
2.016694193315008 1.302501180585379
0.122199244310207 4.746873743861876
3.46160979775138 4.023979131228574
1.473976330142003 2.549935759621844
0.5952152983740276 3.783316132634966
0.2512052326679472 3.467706701793278
4.44535065546278 4.482831851528155
2.290962607609362 5.011892605198261
3.986768290673937 5.26021778547181
3.226700432565744 2.98913296635131
3.980434404879967 0.8561963213807836
5.427209507387236 3.627851256778656
4.0325871388677 2.351010947314963
4.116106344059006 2.518706662534213
2.099771656463723 3.024320831442539
2.631211690841037 4.081647301159004
3.034078498763265 5.371414081620585
1.722514861236109 2.238830926246126
2.025074470524622 3.923664221041303
0.2842503070480775 3.09485125991114
2.787010980599076 1.501142080129189
2.933408587196966 1.832152432403344
3.834364496511796 2.460463043733103
3.792400003838575 1.907788810248511
0.2638753540681031 3.684428153328715
5.165646355904782 3.639890700588349
2.831544656578517 1.794948800801967
1.488633877663242 3.482318229412702
0.1752522577533872 0.4898054345733653
1.481955775176709 4.983375676429331
4.209743604133329 2.45730776483139
0.2523980474328655 3.263900196999688
0.299528324890798 4.285299941162421
1.012369165744908 3.634539856781691
2.813074450034525 2.569976260078279
2.096845756009808 4.578569955304592
4.560738431178563 1.551187840982069
3.007290970455292 3.70715854968125
3.38536539277871 1.557113803883364
2.080078266219466 0.4771540739035435
4.238712015590028 2.911258857543686
2.337666559382329 1.235652804750669
2.145750270493922 3.390199378998564
0.369112709693441 4.07753635587633
0.2441336484332718 0.1566711686071793
2.668006260984436 2.669887005346476
2.450160281783984 0.7839042387962626
2.770635151238994 4.709812300356083
3.7606959716574 3.712100782375319
3.639752279690715 1.514563436050387
3.331490444870433 2.227720192557072
5.893487202438647 2.410452903616966
2.853103686216397 2.500677409058762
2.067284115115987 1.860721096587939
2.702973488828299 3.562268491600066
3.657827224787321 5.178018249069517
1.250253262658223 4.142078262124203
2.659899943727666 4.709985317713114
1.862872691243196 2.927481515160866
3.441110946386054 3.691949781784515
1.967052703168243 2.076143010403113
0.566409208361323 3.379598177403723
4.001297310608898 2.95205134803567
3.746039967099985 3.294723699005881
4.176406115602433 4.19108839498788
0.9434926458966424 2.633071015481926
1.953591862479231 0.3030582330613913
4.378999122421805 4.610361601848075
2.543105124533871 5.324847967227593
3.116166009125787 4.051367970764426
2.35174859695833 1.024807247291293
5.903177070360138 2.631984313022775
5.536831117649478 2.15190439463097
2.817708319966255 3.249326849852028
3.159911544927171 2.844829762096526
3.88041327860614 3.041623538887705
4.046603356721287 5.449242930646954
3.523457631241179 3.736451821407083
2.522798190073912 5.184172551753528
3.587587430692474 0.5765680974710994
3.702287123906531 4.483502860725057
1.031247952804193 2.755961763671653
1.063256137540102 1.737843980127042
3.473035353897693 3.192397764632347
0.8885810833073552 3.699098754076098
4.852527106982948 0.8115508434043779
3.259193153355557 5.234047613664686
4.398036753998296 5.442953983056802
2.1239331380405 1.651218501378163
3.334158206476634 2.744854723682078
2.645084008769467 1.3240874526058
2.864579849085372 1.906594767982642
1.896744308217307 1.49434994090757
1.929633134226035 4.882493089251644
2.905510131891461 5.659874307781021
1.232383564271607 3.373214591289604
2.668725513774668 1.529285599717964
2.514680304461017 1.812565472359235
2.006209758857256 5.925336058248109
3.179121687184526 2.477886246539011
5.367293799236173 2.460502922923098
1.878371456341774 3.173882668804243
3.212048681293955 4.461270426218671
1.999035180146668 5.602004486702373
3.095150901759635 2.258945317070721
4.358100750747102 3.74436342142581
3.309801956627902 1.88164831976655
1.160125640794227 4.239378611604956
2.078947329694808 4.156212702868957
4.185831423452585 3.387540429682886
2.754465878486106 2.264692417399883
3.733729944348595 1.545307562023443
2.998364775916518 2.01543506573732
1.619604302893779 0.8888218355330413
1.063943018857618 3.080461009006245
3.986747572390694 1.896226844079036
1.495129691149325 2.853384668538851
3.863965990887936 0.7324784254593419
5.480101052565786 5.539329852312417
2.655849421619415 4.856065314013135
4.449033587350889 3.169414239446535
3.652687895303025 0.9012608065944973
2.231045197432769 1.497123107908551
4.110724457692697 2.427415534760242
2.321999195550636 5.662169331782333
3.009260355107497 3.031353782476112
0.712464391326004 0.8538668592687663
3.779638947714971 2.395324881785334
1.946781381045895 4.564270562717852
3.143127289545873 1.699590868251957
2.551339026978416 0.28102137544461
5.877701496081234 1.390732796249634
1.091683364065908 2.649242295671502
3.288683858233108 4.012455437197728
2.198506915404593 3.229127284236679
1.135763952508353 4.997263214643676
3.226070487384352 0.9956414187914777
0.3656217165723461 1.282877042139048
4.723759236143692 2.440273234750779
0.6921088772480222 2.883475872381412
3.534244656636613 1.55590979876176
4.595590364403307 2.199994144306598
4.323458523949656 4.474843246421838
4.077031218584214 1.956385414200251
1.986458062273089 5.023340739392464
4.015745277734753 4.386610342927628
2.162761705520931 3.9872119443392
4.267326676241034 2.36013303036908
3.439618463905398 0.5780952122711438
2.632446479226969 2.424180632804501
3.121962467064476 4.259781097905337
2.462646271470133 3.440449461791859
3.951451751678843 4.164937974605936
3.311347624876882 4.720277140231752
2.131964196332211 1.528727652801909
3.166941192862653 5.797808836793656
3.176528783169505 4.144902101769395
2.444295098325627 4.194716045590938
5.346139492648494 3.151795419629733
0.08468595815484062 3.846367966440194
0.08997019483692513 3.155638447567258
3.197618535827073 1.91673248187389
2.15951395970751 3.296698213084166
2.36436125592148 3.181024896226551
2.540432095796576 2.613206794669942
4.925411393016232 2.707605827694942
1.339983495968107 3.377152118316423
3.997193353527888 4.938803985693238
3.418521239624653 2.787638942641696
0.537734863224136 1.467886193329429
1.409854731760356 3.596321657858456
2.306484003668541 0.8841325130569946
3.243213829030271 3.622319328659101
3.51083215288725 3.85310939574086
2.559971311779301 3.275874853993499
5.182915878998894 2.899285024028961
3.497080286697114 5.917574169544493
2.980289843383474 3.379461363969125
0.6261902746609112 3.209874374164521
4.075630931992301 3.003030968031593
2.697009851465836 2.99685860470988
1.819356406075557 3.702937193805162
3.518028759966504 5.127661179501368
3.82263409651617 2.120320635228376
3.937495392192273 2.894696573224747
0.5733131211329749 4.595534408337301
2.742177826505137 3.351888415075936
4.414273766211513 2.014146890609022
2.170399469989185 4.472819076541902
5.185369207277965 3.785504927339991
1.051803254038178 3.772102009091249
2.888235418062378 2.078182567884527
1.599161421832293 3.278324638404563
2.22615879103589 4.77787116088826
3.370507585810145 4.072536143568669
2.420703736104222 2.890907423526913
2.892358474563974 1.994212080316567
2.64920414869795 2.12321005367588
3.970282572003969 2.803756222174728
4.766934099585104 3.258853250997293
2.020236945892215 3.539069226053923
3.276885278212361 4.120269568954204
1.530332914441677 4.231230169302376
5.515418071871571 2.604328550420753
2.111932411052423 3.91067309007132
1.569681687693644 2.475247541882408
0.8520172079227539 2.313651886772127
2.557077157065935 3.928651287392214
4.461130786905414 3.573111830258782
4.465660505072159 2.320581214001668
2.861511347338449 2.880026150971707
3.013531533664307 3.088584926217734
2.812439201937207 4.514217842572095
2.672120652690025 1.200706307270308
4.933810593355107 4.532533081127994
4.684173500460793 3.607992585517304
3.581279934853892 4.507400039405219
0.914546015878551 3.845225738393249
4.570457024455956 3.382669109204512
2.863300841029917 3.484441429429966
1.772462064545297 2.090743412715457
5.475214428318542 3.803238587010991
0.4744810736297159 4.40672138287318
3.391901072541267 1.959312696676599
4.532824487971925 1.067849600904953
0.32076492189124 4.582296664669976
5.6910695058581 3.523757541485245
3.948587040966733 5.878471284965986
3.027847965234467 3.490114751007493
3.470289985017632 1.917634274063147
2.383104526228763 2.592559188768581
2.448179794098795 3.98502438671765
1.813316099750689 2.19541001272902
3.786360161615325 2.598388016089215
2.93710409460417 0.08686303192325556
3.63388461630098 1.629623385909793
2.138681267271457 1.226652226669447
3.550197259117447 2.660268603983625
2.648772270074087 5.137575898018039
3.805405949508804 3.479192679610515
4.07181421895399 4.511960180686192
3.261806927331327 2.770309580394553
3.89764820242316 4.383730766309052
3.481967044079215 2.927875247819501
3.464563983494654 2.662419788074716
3.673340976946872 4.290445732688748
3.405247662221571 2.943650792175416
2.019620771876546 1.174062319899169
3.815758998779598 4.652992256063269
1.275748525044083 1.195852223456994
0.7322111149015114 2.738909813921893
3.540862596142414 2.518458801420782
3.011582774122569 5.201980986980625
3.554316054271355 1.936308859828503
3.045940533525736 3.361353825297279
2.201083083979677 2.229330647202194
5.447388374442759 2.304445360085018
0.446500426640341 2.588410444430089
3.360997768026485 2.822137421566812
2.77813053724119 3.686865427658107
1.682202535947845 2.802086198791665
4.283649565248233 1.41854103477313
5.328630622495087 2.853198308989492
4.362471424327757 5.248241255679092
4.350652206401156 3.400071415309934
3.170372292804002 2.643190676939696
2.642379013701383 4.99358397546416
3.39359821805866 5.062947080205653
2.413167038370333 2.665456576998654
2.116046152932236 3.449403850516557
2.015759512845471 2.000724101119775
2.82001880257261 1.394364618559264
3.071566860368117 3.081522711023073
2.326473360364858 1.764383229308322
1.92053384886268 4.306239123926912
4.528610594541902 1.408271779131286
4.590412734187999 1.997998312583946
2.685620084254756 4.370802464658724
2.608042441495942 1.742550934879075
4.780351173747635 5.304566770593683
3.227666100352105 2.408651783061861
4.406662867059552 1.726996846643013
4.247179814047869 3.434690145276029
4.060799563538506 3.803345524979502
2.349842300401583 0.4943333140769106
4.845328251268159 2.275568106826438
0.8599835469774073 3.406689280587371
0.9376458548182488 3.137598793762555
3.738138799216958 2.467963181011252
3.129847903716843 5.281863097653371
5.460371165338991 4.776286262073321
2.466730654698475 2.611577814924795
4.332130604148212 3.582638253327908
3.115909053441785 4.37688152564452
1.920052848712229 2.256569993679161
2.474314369669668 2.954822494275338
5.201884303838573 2.744442526641904
3.232222356434051 0.2118376268201862
3.859400530634955 4.959169896535263
4.817631769960148 3.127857494527444
3.30209993936395 3.907803991705599
2.426428786046627 4.444794102865607
1.817879364854724 4.98657886533342
3.758768782927999 1.168428462379236
1.981441035789459 2.57130083108538
3.604014712781647 3.285780982792115
4.14358511001595 0.7206108268684371
3.534203287637542 4.100409377741611
3.865612089638682 3.421036171508838
4.092896381273408 3.376544606739738
3.504591922238158 2.241169823412211
4.412949981140411 4.907203772255484
5.20245515797835 3.051407037362318
5.665454091814758 4.643908759186264
1.174792650946634 3.877359342845184
2.185943199522556 2.137507382878508
2.456536133756643 5.549863614114289
3.22288833087921 0.8652212441936497
4.42490125733066 2.5155354151345
3.123013538050455 3.457192197781785
4.55011882356309 5.656636894657839
1.781409442034345 2.646988473702403
3.722482132996102 2.12547377050333
3.462245015455407 1.102283891421356
3.935637872097571 2.271895692150506
2.300712609571512 2.598467818681489
3.386989649845344 4.605812398191459
2.21228960068987 3.561274971762662
0.4453758596066075 5.17466772202761
1.14679235510621 3.285834349195875
3.008349919897757 4.435567241708059
2.496154982466924 2.804744452541238
3.681698215795105 3.741779389837724
1.320881594838006 4.450366338952066
3.140588032260227 1.809704892859407
3.8708531472217 2.206437353141692
4.101188727141073 2.685801431966497
4.231321273966721 4.363734673895889
2.044959449599444 3.166488846087598
5.372585165605403 1.210291992606217
1.45698060165725 2.974608202827195
1.579044388412657 5.727177128634036
2.999052357000212 5.508948378990197
0.9077294559162034 4.144094593857944
4.144219718871566 4.620532008585306
3.4680996354446 1.82906872685013
4.686371209047043 2.775494965782234
1.234719084118568 1.723654021162838
4.232445611306647 5.134704696391276
2.391245924239105 3.499352013487763
4.507966992157681 2.097861195180477
5.053761308522938 3.699211085230903
2.972745873077437 4.663958380418111
1.673119262313576 1.407586049496276
3.80288594184062 3.877832909036297
0.4195697254448615 2.768953298794036
2.701128678068199 1.4213331733621
4.458091222639729 1.832231027604489
2.700578135756059 3.712621120496607
2.932758524032176 3.893492922277094
3.665615210649503 2.396085683066377
2.943414595539424 3.667325293983033
4.163002096701202 2.352023567707935
4.465565520433184 4.013780141275819
4.256208204485757 3.01803215382614
2.084942702133195 4.776313185059533
2.541633173077422 2.749178230932764
3.739482865371299 5.912967244287814
1.415955514163052 1.329568459670878
3.245880779906024 1.225108564928974
3.252621006580134 3.372678590234774
3.934795270157099 1.496554352704145
4.189669801654304 3.293872791141037
3.33463938795672 4.947845239971282
3.022921668201323 2.629014785820278
5.353657127985121 5.003619169584676
2.431869137253806 1.74006574040824
2.249030382897327 4.274128170074879
4.373872535700754 1.045283715056055
2.769968384219704 1.878781985559311
3.709289338163153 3.916345948932658
3.084429925577206 4.663366798117219
3.866911071349018 1.651393752802045
2.038068585236191 5.16766293492373
1.247184526253742 2.639058738096739
1.10960500549133 5.201038999350567
5.07571221459548 3.40131434058016
3.604549888666726 2.711613760999542
2.231015152176188 3.014307902817414
1.833805138125107 4.665256206660407
3.923690649171269 3.238679351460153
5.854113305441208 1.071626315853115
4.113441819513564 4.284126868294832
3.464100675570424 1.461875312663725
5.023343852676817 4.093446165085014
5.771583891771469 3.368294254050023
5.718213107955025 3.191282148428313
4.413782168225469 3.291868152996234
3.755623220075081 1.660810158730505
4.919495056858869 0.6013736671268066
0.7178618836562813 1.083182598494615
1.508329572971456 1.01212576432686
3.845409758784546 3.185067795735784
1.681119452720302 3.126340576667495
3.152555854638784 3.020407345041431
3.90836347569275 4.047880581790765
2.749982798604417 2.946677941774031
2.217307011526289 3.353440559869414
5.571948715260564 1.101335929144818
4.12674261176977 2.262521630652242
2.807771418873033 2.834380876290908
4.032249527477195 3.456600064124375
3.98673829321307 3.7464658640824
2.978128820721563 1.618594743196863
3.352006378764861 1.657091740531349
3.50624466130818 2.323182603685592
5.076814738207831 2.18518208846125
3.41844503399959 0.7268948853688934
2.007153992659637 3.017132895414811
3.148882711002259 3.135614097780917
4.736898277801136 2.186148085023859
4.727120306467868 1.524614616017912
1.288264250285129 1.872198394975709
3.250647128094422 2.110988111103768
4.454598557328664 0.5415752979286054
3.125962456772103 3.093501385136362
2.56234691581538 3.394049483264681
2.197728412798488 2.333154892736554
2.454713615854137 2.00055823631071
3.008526689149804 0.5229644176358801
0.08762284304918495 2.5943223008292
2.642922208250926 2.229799700355856
4.281989973884635 4.697455152547462
1.772999654406169 0.96290040608317
3.750622947540687 2.733996694335413
3.735179892273987 4.59741210322941
2.730568691396924 2.180367008155524
2.990604222932353 0.6701255225196113
3.670285685270673 3.241519021905674
0.4690479394757298 0.6957214824939162
3.418417754822904 2.727629585862276
1.519239010102095 3.328678551728375
3.126984610037556 0.07366408680685187
3.200311617134715 0.3505816251126279
4.169337065272453 1.527239791299465
3.915095487155418 5.089418021294466
0.1055653999111338 4.425858551364331
4.352555886269925 3.22838398052398
5.532354134519728 2.766761331832079
3.381276979496598 5.354473643725516
1.964330971873406 4.107818116719816
2.651322260552579 5.270030879119054
1.947396101902822 1.041933358823944
3.930151395531104 0.3367857162156455
3.637332952471672 1.920964493812919
3.808004381511265 3.780316009814328
2.612152913776072 4.57329180333568
5.033056367165121 5.843039932584476
5.336317196693382 3.292369884142488
3.968322098528563 0.1068620321014275
1.561987363741368 3.069308193533519
3.315723664620972 1.109826367406825
3.509118323742356 3.055169110414257
3.802102412879385 1.448663699904669
2.602447660324912 5.601081269227616
4.35679789101532 2.319811810335275
1.775366727903089 2.964251733563289
2.153414065753313 2.774277868691569
3.792976423406496 2.955930740254762
3.564247176521639 4.300772972172347
2.562512756489208 2.152884602815898
4.939683729406979 2.417925405472566
1.930866071968474 5.768256524897978
2.325146059821425 3.003466270823047
4.364940164108146 2.707043422056063
5.057436987505499 0.9650730821710499
0.7346831149252993 3.323108772339867
2.763960339039091 3.621670311644206
2.036355979993861 1.508105111919701
3.163696728511931 2.957196185418179
0.1630332271552799 5.403228174465689
5.709851416143165 2.689397683752662
3.954903452409225 3.022586470642247
0.4053137526519149 3.337332259225541
4.61990048002944 5.454093758187232
1.699648722346009 4.712363592760084
3.682769900253864 2.04278113332426
2.911239326907503 2.441798805890597
4.460269875539249 3.379144138208197
3.840937806662987 1.560988030780753
3.020647100995104 4.09002310989719
2.617847963355756 2.746458989019381
2.959558933128462 0.9312917774159348
0.8927605117405298 1.669221332055284
3.751048632232087 5.048352346540671
2.407438135021398 3.731299821893478
2.203854438597003 2.921789773405989
2.218842232303406 2.774666267268509
3.296978855530082 5.908116774418458
1.685627777246937 3.449343375402711
5.37886491805939 0.6415045924570796
2.574348549957452 2.515499074340632
2.669635139754752 2.011153848547792
1.889057103616654 2.134866645862
5.912911996449965 4.186566225263254
2.883954401605337 3.262659298825433
3.074711268661483 1.022256369000401
2.491471853094487 2.080164641312743
2.909488442859994 3.422523619814487
5.074943125140244 3.14171795970069
1.122170314198282 2.870462405386998
2.723710072843741 3.914223692707564
2.476069757215826 4.095226776936183
2.769614158178486 3.423295040817724
5.434119600921378 4.523364296550702
3.297901768596 3.150187431470251
2.160084133604718 2.985514185424963
3.463886105525014 2.995471702550983
3.89823017586904 3.838068472556583
3.6389917922663 4.192590315271034
3.840333870744106 3.11477194249132
3.272492748490456 4.598598361814869
3.328764498057726 2.130799799361053
0.2004322321208301 5.801731036979804
4.327294506775691 3.836894443545269
1.905093060775829 0.8767308959778515
4.660051613891222 5.079744867806191
2.951218833950199 3.102282725730211
3.956581135745096 4.490061307736806
3.384772001362073 3.326345143019029
2.834354190426795 0.8452169816596842
3.013505594899444 2.903078934365955
2.089635061267383 1.954869969446976
2.367726196397174 0.3030817176388702
1.978501153367551 2.844654621492547
2.672402553699257 2.506284084808279
2.839085662749001 4.118315601842208
4.312480631932303 1.808729629145864
3.582003754480473 2.262261446650629
2.418193538173155 5.268887044471073
3.351600007113444 2.316408290382351
2.809253864497586 3.202853582643859
3.99643075449471 0.6431054795377276
2.591316970511192 5.446680489550993
4.764506614432308 1.242112764742231
4.515764464572572 2.439909488334324
2.411091794373339 1.141851566317936
1.414689365575291 1.509689123963433
2.269034498808343 2.522317359379165
3.020189173599354 2.198414408060736
2.569210262104753 3.826296369123133
3.727319259395987 2.337240860568683
3.973840733958983 2.004547407004193
2.061415472163107 4.902091370469443
4.10320787884918 3.277713568456048
0.8879295734805044 1.279277982979673
3.040627176583724 4.552161295668101
3.363643194533817 3.739044897327897
2.852202471116442 3.719278382682563
2.069589472791623 1.764490427881815
1.598149421425023 1.26418297861253
3.611686989591842 3.735607988309244
4.305965706517849 5.699005221385217
3.097531149871522 2.659778423427095
3.031751522236231 2.534991045388213
5.528873600286589 1.732621803505031
2.967821357319745 2.587382916429717
1.986221952685272 2.366264607784666
2.940541047580403 3.485951107122581
1.022134982863877 5.884607702992511
4.864526216401783 4.364394768317394
2.714720145168052 3.180176695002698
1.907896916118117 5.462467193297412
2.689420452713287 2.739493836598464
3.816451969997808 2.532606927652282
3.727336693841214 4.125561558699935
2.845924343990781 2.655547568769094
1.095755178293119 1.594582233076106
3.593665222535269 2.015352224980326
3.720166583635285 3.011500271918742
4.433601133149704 3.817571981840384
2.165653328596131 5.613114634566536
1.860450710718345 1.351633722184119
4.143322569193748 4.86915140920855
2.941260451413586 1.734039752604634
4.088348262880165 2.90929947122144
1.571112732281587 2.964515380944341
4.462441759039634 2.819701484316001
4.015627658930826 2.648243257774789
5.374293738078961 2.723514136419957
3.213091023202475 3.855788636381789
3.95856278057731 3.426880629188271
3.11593581155109 4.88413311481724
3.328107796218355 1.771634021078225
1.390980168473392 2.833251200148919
2.876891346863752 1.285286912060418
3.250151331467874 2.298960037392018
2.757604687270363 3.284887286993803
2.842428605113355 3.415301021422877
4.527848411115558 3.262681903989999
1.100597450367389 3.541268593893626
2.713716947213344 3.488845617745694
5.223026137177548 3.373739573635043
4.262462187655893 2.126235201395965
0.4628072922003459 3.185592029262672
2.790583822557853 4.406258867303654
2.539809603552619 4.914061435462225
3.22171023489685 3.280174558185982
4.659462941743722 2.628443397388368
5.317484706420093 0.9379867340298592
1.87682396668586 2.004594427485461
3.188594907520222 3.174570591760781
3.761055108525371 4.238066646452327
3.151729632998444 3.765267389713748
4.378280654472045 2.116232506963048
5.317098712714706 2.599615162822039
2.88053683825022 5.137778689625343
1.969685427351106 3.100586751117376
2.079092388103719 3.690311054334219
3.968668389655281 2.193213786467856
2.241710070373203 1.714370770158257
3.531637724629425 4.205291145504211
0.09654670522231708 2.162407131595132
5.18353798466358 4.085504660548374
2.693615726103057 0.4473566836256446
4.533167997656352 3.65904581451001
1.35554819503362 3.161950075107955
1.752107901577302 4.165730799157482
4.200614032217752 1.778338594224866
3.315865244627838 2.446401114796548
2.044147459910908 3.435779282795139
2.693134603545314 3.313197609091756
2.442269730694485 3.219375189868265
3.446069394996705 4.514641621686285
3.658362028609026 1.270861539611273
2.568121525078602 1.945286016805976
4.569757637077216 2.813999679347004
3.355615888821477 0.8528088168205645
3.901332858799484 3.936424511806748
1.501214370789968 4.093721268022013
0.08446536314689765 3.367369882256979
0.2677552544270129 2.698716081161959
2.611249819428771 3.327632527283237
1.647726989854097 1.743683476321104
3.612989778747371 5.774360050361583
4.140106416523555 4.093072285880639
1.960713028563363 3.454685819983859
2.768384837777533 0.09405657366304251
3.112664846604549 1.24568647279362
1.285512729538255 3.571552024880293
3.337570514175725 0.4414500407515187
3.891386362065273 2.726986956998787
2.29617763607433 3.590627952975755
1.551930034593116 4.48626830752298
3.228565047437013 2.708073173053554
3.472639112537708 2.880122009499449
2.843048934329212 2.326032449134863
0.4056115306632117 2.411182927102577
2.839098132667909 3.024089029927261
2.705907406804129 3.41411573689104
3.639964013275005 4.389812175462271
5.881993236019928 4.479506278645359
2.433076607455135 4.672821291870167
3.075525792232461 5.651774564157491
3.877176382377115 5.54815170226562
2.173191911219573 3.076093980439847
1.313750794916639 3.678537217721268
4.737219724692983 3.964289553436009
2.672596865757567 2.810609495150963
1.956492770820225 1.912266288228961
3.650777746217305 3.42982769472303
3.098893702824304 2.944072150502601
2.478883500381957 1.050277986970634
1.369276307482678 2.606553124102753
1.365535827364952 3.045600162284222
4.54457470756693 3.803338063171108
0.5692352320258028 2.425424574072274
4.762360732298456 4.874392118698698
0.7539119822036381 1.81633747372601
2.462452036784997 1.241108005149322
4.689718601683157 4.38305086031764
1.695056141092782 4.569299020559686
0.7090917075056983 3.474693114914786
1.256635863547104 3.064032038749126
3.680673530908726 2.705450740319829
1.508630092746563 5.528874636637292
4.73118760704033 1.78601494009776
3.10606829087397 5.015703441515754
2.388181876759886 4.093983202688219
5.135504429561693 2.02311408212559
3.336302994327862 2.901023870325148
2.618694474303098 2.933911538225088
5.010847574379849 3.262399738689858
3.441042752823709 4.136141053954578
4.623571792369547 4.736165713839333
4.642728726130268 3.219076029553679
5.285105015376252 1.646068233907185
0.9323006205410592 1.058604528550284
4.060414244983639 2.163395859239371
3.552646320299324 1.842971328878433
2.372734462122774 4.274439031568932
2.913700380356723 3.001865500064303
2.740674222553724 2.562146421095342
3.694172591790934 1.395903861489616
3.57690609671364 2.595542646710111
2.655350479135704 4.259972829436061
3.094321298584005 2.59053451186753
1.873359853420527 3.365263165170749
2.975497634297117 2.812548565406224
3.873649411829946 1.837605766461565
3.295060586882472 0.6037529930936367
3.159193598929583 5.507663272215892
3.894542490360087 4.575738967852953
1.961441900818438 3.860571474233943
2.802208480537876 3.760290869891314
3.11852895691947 3.953102747736622
4.220453546474401 1.298569583561155
3.18823449472306 2.776573509089974
4.328307831657281 2.592069087698419
4.811311343383251 2.380382700031903
4.16156235110368 1.156803089807227
0.7427293163959182 2.449610142969313
1.709877052912876 0.542651301257187
1.381708989145179 2.339622452992672
4.644039791790506 2.906129505211819
1.187673867003979 4.018206902815988
0.1141736831334686 4.121857462883955
4.35252924277036 4.217850278659987
3.133190358056969 1.482352855343447
0.9888828845834989 2.231765637007486
2.376306055891706 2.213274539603824
3.006196728090618 3.6210193221275
5.826053462389051 5.463802087343362
2.019610504638733 2.272020307069896
2.611918913891956 3.000902505416102
4.911291366282541 4.212596193607378
5.779417587106163 5.817709048683835
3.04321681012481 3.141907356663605
3.471070439217015 4.329558682764814
2.174970252155141 1.788425747665254
1.173108099327851 2.981050268823575
2.51267219634883 0.446197907754965
1.709081346967917 5.464467630083809
4.08992415575233 3.712929431870653
2.892074198412117 2.801533262593513
5.46366564523341 3.35704657406419
3.330761820222848 3.504122410749198
2.486078359197381 5.705491187239453
1.314950048787631 5.72309392392098
5.607362582504899 3.046338750388874
4.888030398685781 0.361398470275841
2.191398850092438 4.897121108568447
1.118835323827195 4.788084021740973
2.878335707274449 5.003612175111719
3.281385374221387 2.955024090745929
2.769253072991642 2.483462149861555
2.421346888934412 2.739187754437538
3.17072578584296 3.336679669481198
5.161499279814476 1.16796108986121
2.938738623166702 1.053781359284226
3.839882391792938 3.336707542448252
2.996067194648174 4.926320074994607
1.090996974654073 1.235599455377813
2.562692455470725 3.730685054534632
4.394447094074296 3.647341915315306
1.780678362240186 2.754769035082938
3.894831232983115 2.411087865595157
4.064054441915824 2.065178015573972
2.825492614635201 0.9707746327822782
4.356628365057709 1.912661175630487
0.7216778412527294 3.6424149424479
2.926031811989315 3.595619289864786
3.065859731966624 3.312792909267576
3.780268223242738 2.025527662433821
5.463862798271387 1.519467276483231
2.492879729180248 1.369668566692528
3.402077087175503 4.424093334331267
1.919161132281804 3.016632525951308
2.639738463647356 3.776347550934541
3.116277277303914 2.018169090146852
2.637326577722107 2.866979742593596
2.340243223066363 2.696661817633415
3.442597781535531 2.503259650499182
3.260297127312244 5.090343012440686
4.445579525822824 5.076359155372439
3.822397470735631 4.483908244486495
3.135248826842244 5.13984021276064
3.051676740827222 3.424920819799529
4.119193957334421 4.391872852625132
3.237230214300399 1.822744749407609
4.438468197480182 1.195257733904917
3.508492159096075 1.745086819586594
0.4698850487325294 2.24294951025596
4.017583758582108 4.636323563837673
5.634293463375955 4.950281566346021
1.783292220482689 2.855781658130324
1.758657744371477 2.550114177011534
4.001701674157576 3.967848710046678
1.708896696761384 5.28251305419451
3.510717866770457 4.606002794962669
0.5826257294685404 3.998453432304836
2.284428263929356 2.773423823653459
1.17694722627695 4.399833014565591
3.748465561934401 3.192667992901382
3.163483833029241 3.598200356982908
1.829742557846166 1.596281067953562
4.074358510655411 0.4730608178931993
0.4765720194916268 2.031747735518592
3.250082907633686 4.830222887838044
1.257590698481662 1.551925038060726
4.524920514947108 2.930927716094862
1.871049468514606 3.454075635314743
3.88688948015493 1.164703506786725
4.139374250353116 4.741816940397851
2.843270210993592 3.099553242919652
4.875417492230036 4.059028658137107
3.301211038065575 2.371148047857051
4.856537095751864 1.040968390069705
2.870056570646786 5.396169505006384
2.076352424957964 0.9361380626516308
3.316604098823229 2.041677817110698
2.064869830997245 0.6430127077589715
0.9377713650477807 1.491615264402369
3.205740886382296 4.333952129575373
4.953738080604618 4.898823521564058
4.917241759556135 1.50701665666852
3.716465130228702 2.561940131047773
1.236671095449818 2.004415550424492
4.006568611252581 2.542452397215875
4.237220571201712 0.5521117869646307
2.732609984791693 2.870643668423346
3.727119856838139 3.475166371197427
3.020271650632964 3.982139209590634
4.648794601098206 3.318369382644399
0.9492097276704906 4.977966070920286
2.776694577775469 5.223671505578135
3.611321629199072 3.906826287891545
2.853967174656481 4.632727283540489
4.355034860499873 3.021547129698006
3.276765759802475 2.568529741000064
1.041337461020392 3.216371989375776
2.703013974018681 0.9284797591655514
3.422927824241722 1.340783313317109
0.100667371862959 2.790818198527232
3.995000122146931 3.159606613064796
2.287940536804495 3.39235703175575
2.288494011640705 2.356058677054105
1.998394066941132 2.461108120285783
1.936641122515146 3.304118707432684
3.58022220837887 3.497679860484765
4.672425353950926 3.823716107360168
2.611566778396377 3.064789714264469
3.871893789051768 4.830466192811272
2.373789921528014 2.415551581481642
2.020767104491615 3.266301763536473
3.876232258283843 2.042543292977066
1.928531189677011 4.76101055912656
1.316282379741707 5.09705801909137
2.28226903333965 3.212782015289428
3.709346670812323 5.341293630108099
2.449735415311841 1.481272405203409
3.316373801632807 4.501908750918346
3.631232955979702 4.617469749086679
2.281767382851519 5.356808932202468
4.296804143740677 3.92593737365229
3.173922964127026 0.4957943073905427
2.279451165326529 3.85074744887582
2.489928241149427 2.699639004150236
0.7804754285588735 3.168793374821634
1.59883581675899 3.171502425240372
2.562570839606605 1.264710840392515
1.893151915598437 1.706927968069443
2.209998278030061 3.460113509168396
3.226200052252876 4.219943723168827
3.710085101582506 1.959114027263885
2.794470374971977 3.100294341947477
3.55468276499926 1.004231920571582
5.077249726150307 2.456601235103435
1.021731608201092 4.283760020855516
5.153707475545748 5.558130374358078
4.647668945159262 2.097354035816582
1.696812129683793 2.340159595330942
3.394732384353202 3.541487603148612
2.556342364596991 4.783729682165973
2.101698078369513 2.185543282754306
2.861470865352739 3.336664698540706
3.404439773443157 3.033374637087259
3.585136042487906 1.717426082592576
5.104739140207859 0.1402233349045928
3.894990170397375 1.023240929931849
2.988323488701714 1.916973808417232
3.401189887430522 0.2716560115191721
0.8537950609326196 4.299668579875267
2.230869541114306 3.14879960387178
5.704044595217828 1.858416043046728
1.490092459722483 2.39552971130248
2.713747128354536 2.421325631412652
1.581797394717293 4.354374065548662
3.537698390873997 2.960283047533657
1.04768318037336 3.939657281382008
5.122401931120417 0.7306107955534333
2.78790566527895 3.554610305465042
2.411020733586009 3.019467109856884
2.930228432447865 4.06024876468013
4.787270390382886 4.671386816059496
5.122222443200774 1.546348535034716
4.287914947980479 3.321512357873346
4.057962286231016 1.010360448764398
4.621397292945708 3.714936015856042
2.855005723016996 0.4310056405181316
3.45756110144177 2.395527009833532
1.77729703996331 3.303470805063779
4.590205692982908 3.02632328024936
4.155656548944097 3.05592460471749
2.805319655337266 2.919051455304902
3.605017141245165 2.923867151659761
5.092307164025631 1.739076745571146
4.771001833574277 3.520359291589544
3.500668323727915 3.944690048851728
3.704993324801158 3.824187441523224
0.7598946191141899 3.791086066474858
1.683931553539113 3.339432869214975
1.695310851906155 3.232425507309333
2.860022324554238 3.215077958829894
0.7052298917662064 1.632297759282319
1.600858646899212 2.867043539138062
3.631189728716377 2.111348846882906
2.97162590417587 2.973331950399806
2.887883366785149 4.756651815675776
3.397609217466481 5.206198623704561
5.589554450496879 3.674910612947542
3.251540961105952 5.663842887773522
2.565641167619766 4.15819100753399
2.204286217309131 3.902481028700625
2.206626699811015 2.591300261734011
3.71511729200158 0.7749529495066106
3.308676343728839 3.241066945733605
1.500726940205009 0.4130183712080048
3.758349970082847 3.39035676073216
2.42468947392776 2.812373968777925
1.680408095542874 1.590686306448728
3.633778068302655 4.091279822313605
2.896426860874157 3.121593352607267
3.468748810302061 2.09220352374492
3.800252678947434 3.635372413633698
2.691005215071399 3.066227813503263
2.197062702679787 2.426042198232275
3.914275374057981 4.707658648934264
1.9515673373565 2.930880248945627
3.169236939727309 1.121005898922848
0.1671242461663884 0.8173200968253317
2.584588488627178 1.61588123086992
1.374429344202249 2.112006365706563
2.427252950154465 5.414266653222497
4.817236557444751 1.894027002024502
2.764953736525815 2.64212090791213
2.398469645869555 1.839646167619954
5.18668535075108 0.4322714727494324
3.821380087361923 2.774838440395445
2.737500604272503 3.991016963894696
3.980919086664125 1.710726404500796
3.509877290842567 0.423879432672687
2.345553263957341 2.928957360778089
2.143980226038932 3.152995068071271
2.236120717976783 1.287175557543295
1.109787177866827 3.416066132938755
2.799992081486156 3.487772717650069
2.757142789763754 3.053380962920904
2.617246036615759 2.58971639055662
3.929778196228353 3.332926281691138
4.179426244181907 3.529579340383451
5.614029956976188 1.340154746776374
3.092437348522612 3.684291988002793
1.53549806766197 2.185328757164836
1.182690011982765 2.749667708767887
0.7898283971455842 0.5979656745544656
1.501560068060444 3.202150117053528
2.809698023660229 2.124457217951787
2.371320997361417 4.556467378720509
5.317568653580967 3.738570988519619
4.774167500130048 0.1229294691233809
4.394538027550044 3.492690226722262
3.028843040219154 4.214172671304206
3.301035836221945 2.831359933684092
3.351620785956991 5.532453253738005
2.11837529963993 2.916192376104457
5.155441741251186 2.597596015899914
1.231431871391427 2.136444351395719
2.302394106027891 4.65898486489254
2.944222516912008 1.38609666806702
2.789232993926666 3.839331490371642
1.954244092093914 2.763983050599356
3.651371803285159 2.855897934730903
3.832617714139656 3.561300111032546
3.391165567738497 1.222934316584309
2.626753423968951 3.687180516835876
1.782907494150041 3.502141431573653
2.254086150875521 2.072597490250965
4.892591372773491 1.990513030468599
3.590340159632217 3.660774241912483
4.18834460204983 3.699637997513422
3.110985547653503 2.805648651884918
2.294670901131679 4.462583303461473
3.697132426665974 3.655720934798853
1.266222456972894 1.381035731089808
1.417476192605635 3.26843990872405
4.430823208043805 2.61772175273332
0.4655174860481477 5.532219296102301
2.325687777269406 4.366521868482837
0.3346224929780552 1.835946074674798
3.359487571186084 3.095782686808282
4.752447315337345 4.109696740953233
1.532229530446362 1.835215101131082
3.014947701250356 1.508160580636528
3.010880352598491 2.301115801902112
4.075728487193564 2.594973661812752
3.386580030257762 2.425130725633589
2.564673138541928 1.135086949018516
3.381810597900714 0.9851794012248586
2.756103835039111 2.711634056778132
3.501273679097501 2.588461963526612
2.026755035972313 2.719065547478266
3.032809598225178 2.69771929995101
1.023746524002222 4.454876243720461
2.873668515581012 3.662245757489338
1.046680187750925 1.980444902436099
0.4216142997636267 3.511727894654127
1.907916338282168 3.553457064990382
3.939096620714839 2.638304193433912
2.819986644909143 2.750272916810153
1.552016544541301 3.778672448924326
5.033945056870597 4.390858645130182
0.2722744018540513 2.282423984963672
2.515236903476667 3.338581794164625
2.265835629538991 3.074748065406531
2.874948996048828 3.817123981174117
3.052568395563624 0.2289871919724075
3.583034514923837 3.362592064149967
2.182619248621448 2.682691345294629
2.7597219589453 3.228489695090742
0.2565615853406951 3.907230791824074
4.026933123461589 2.858267042563068
4.026052149551479 3.236328572421038
5.283830775857261 1.406561994928328
5.713565029124005 2.502999668797649
0.8794740053965991 2.760342643562403
2.312590422047375 3.133783973582771
3.253558507245681 2.898408224593724
2.588084437986415 3.142568635019553
2.835399613592879 3.160036981605274
2.131806795177118 1.383449464077668
0.4392174570207854 3.691824092124057
2.453533014257483 2.271894950735102
3.590315281990544 0.2650838667285165
4.056112793940572 1.525709240450447
1.191054871737057 4.577410706104152
4.778998716542186 4.49682735141463
4.605703049444042 4.024705559806926
2.694844025009816 3.638039272770764
5.600597005380782 0.8431526912118005
4.364303898728846 2.814922842148726
4.865368337401953 5.089831486367195
3.038899117974283 2.398958979602279
4.224957632796243 3.608484700552339
2.788405812851516 1.193657590454584
1.992445384313092 3.746778235845833
3.807815079089156 4.078621516669192
2.117270774696236 3.604304263246894
3.739241012560297 2.264614933159786
3.311017538813207 3.02300180701974
3.821706585835865 3.256151983708438
0.9456375478345111 1.847311524659602
1.159942214929858 2.550461416425574
1.399090328170816 4.197435819849074
5.134742953341742 3.27575499644582
2.217063238154354 0.9907953916104001
4.225715056887894 1.9115149722772
4.562099135058909 4.430222924176054
2.239281190419407 1.611619828549609
4.643464572733603 3.481299803173227
4.146918845888267 3.1867234022032
5.514852838854949 3.505864742197376
3.035321956751431 2.76012799614213
4.556125739728181 3.135875558977507
0.8752077328506951 3.030386907226809
3.650057297392726 4.750808889750796
3.160063031170133 2.704886326371139
2.460133571106567 1.600506669540476
1.523192354429637 1.676975005354798
2.322301604681766 0.7321101370701397
0.6750930582508109 4.365122491111085
2.485528863416901 2.534755646016949
3.512694115984568 4.833126095913783
2.514231337932711 1.695256880974309
2.888150774613332 2.720134227553118
1.919703107728222 2.479665352677312
3.273638039771266 3.075846508825887
1.30666626054939 3.939026230199295
1.010439313950092 5.409445533792797
1.283570759893429 5.484174155788867
0.6912277248945495 5.040952098823056
5.613178399043826 4.41403956936112
3.542813729098562 3.435096596874197
1.716003804241788 0.322360499978726
4.594586886452825 0.3377952707968919
4.680023078621147 0.9311759586246146
5.915584879095759 3.278408436821539
3.552196978457187 2.864274997587224
4.283510748388628 3.509270416702822
2.887435420121932 2.580099119538329
0.1148784146866914 1.930490448893086
2.233989635808121 2.716445845155496
4.281200930130736 4.978423523390687
2.096110897541622 2.439757108491408
3.920335789249758 3.625316573239914
4.154598945545 1.40784248852426
3.729311301556798 0.08517512452689698
1.645479116593567 1.105323524547152
3.441504765156326 3.788579385700929
4.461336652211975 2.209638624741638
3.805339869524568 3.983493623608506
3.974687861056968 1.806484531082128
3.166221831709926 2.332758224779534
1.51602247178037 5.332440377561623
5.677586179365478 3.855596781214638
3.074918473541293 3.600262827302664
3.288351241166486 2.680519383351408
3.292277899408383 1.96328349894455
3.042325423089581 1.700337896050064
3.061039137737264 1.387611678779474
3.243611553021831 3.512885511153761
4.401282228035279 2.415382294674468
3.665999496429836 2.202998718747952
1.839179791651386 2.492399860294411
4.01950582579452 3.069097113587141
2.393547488032433 0.1089720161465131
5.888059972513187 2.204870103642687
5.283061688851569 2.311130908652031
3.965628953276208 1.606514497408672
3.10924693851746 2.740793722083694
4.018557540014481 4.074379686415494
5.107912549438149 4.586959294583842
4.106488210427404 2.814448370442501
0.4470541619132354 1.00593778267212
3.988772854400179 4.276881640251476
3.655652947020642 3.148860304277004
3.736593224591582 2.889614800306
1.667608334707485 3.023738317274765
1.32951871505646 2.736877015187153
2.04844632905376 4.349300512047335
5.539784453348885 2.445593640718995
3.20404916849752 3.059326510294912
2.241178390363761 4.565994344253434
1.887569692630502 0.6748815907414952
3.132426990862134 0.6307246104620322
3.091615416429793 2.877635742291953
3.614448097149713 5.021099827687541
2.169620521527903 3.816999230825406
1.099020686260513 1.421460968456159
2.915355216523248 2.299407046249968
1.287508266420655 4.899898044744784
4.126243334561945 5.002795507130664
2.774816757643018 3.165092298734018
1.454212515852517 3.98280069520172
2.364207923520837 3.249813943237015
3.70126583278229 4.010577720584228
4.970251098106914 1.644629544951086
4.016254909151952 2.43890211847553
2.759604154823588 4.945143508606431
3.546281811961602 5.298453321988362
4.019552773501059 1.148656471731343
5.284828125935366 4.659491626685504
3.811880865592348 5.205768782820531
2.119709163058659 3.518157631839172
0.3887562409303322 4.862567768729544
1.344706895392004 0.6067317983277245
1.261163133606055 2.364228328467194
1.209873000352718 0.8124172353558672
2.370465413683847 3.908910041901845
1.135539480302305 1.024631187407591
3.459480235793382 2.831695937997134
4.482095145772385 2.709296028123423
2.119018912371013 2.273524048485588
4.322289771891257 2.909210290511863
3.201584498316519 4.686444809305967
2.371038555911026 2.315825796302596
2.099742061126319 3.232863308781337
3.453687261905469 3.290825880176786
3.408547942947101 5.73131028960043
4.672875826376131 1.389343537419845
2.581508608079039 0.8595473821488216
3.598014622129236 2.450826881164645
1.699201088712872 4.061109590410967
3.425938972014014 4.716157763857456
1.867259180790146 2.71642774641879
3.509204219762873 5.456620847380722
2.348034125047147 1.446099931809771
3.387218359394474 3.246091660044504
4.325009801589689 0.8831527093311798
2.685377974709659 1.072632640235627
4.155988762009786 0.8747634221737308
2.970376412725182 0.803568344892725
2.674901894384381 1.65814374697714
2.946849477066627 3.228828940082475
2.905354970629178 3.365127233410691
4.062268312383376 5.130135604390865
3.648628238749914 2.627374115625762
4.585566583280782 4.279878000662629
3.504015880449673 3.63193283683565
2.540677486163968 3.630128425089632
1.305771228833358 2.238072512294296
1.304039730613027 4.294238947952849
2.462379668420704 4.335764253879583
3.531358188596756 1.213534112501351
3.797797179247091 1.302491946858778
4.08518826620082 1.767257395208059
2.88983822616403 4.342061216823454
4.513470271367964 4.610321171243987
0.2992919924185022 2.074930975261965
2.05888282374223 2.960812962071031
1.908981377634481 3.674554088732312
1.411446098634317 4.555809991753738
3.926157168340339 3.124208844355575
3.110519918915645 1.593747507022134
5.017670000467739 3.958883649504561
2.688080231393227 2.596484837259912
3.941459179363386 1.282137466428708
1.360267995584165 3.483703754719442
4.170963347433408 2.739816298346442
1.013579952424241 2.369606503726546
2.491840800028447 3.705891317731874
1.330187178912233 2.940328257895128
0.8405273804481039 4.479843351490437
3.208669535445615 3.951738893070123
4.2906061655727 1.551667552144474
4.397136967285699 3.924844425891156
5.515987570690034 3.9780482296318
2.861987348808433 2.961730202879235
3.181402975129228 3.684902662150154
0.6320035408409129 2.582037677190534
3.003059510747666 2.458467019569456
2.883086612020215 3.060061380592309
2.550312993600763 1.521402868448144
0.9404212099504777 2.096625669108209
4.761027576770538 2.041047164007741
5.01868075344905 1.903281314717312
4.65487258654439 1.667777276842648
5.446426646801837 0.1835310559013558
4.046762381782093 5.672975086693062
3.540817915244661 1.332097904309441
2.49603616195752 5.921106627218527
1.986021850663853 1.409706363767358
2.470985497321797 2.176969466623934
2.836158366086363 2.22880443887076
3.242442584279751 1.715725883590739
4.608269539900916 3.90933281061414
1.883235010810322 2.375023395164723
2.233791570333703 4.048000407112878
1.657555241563267 2.562874644901614
4.830943256845487 3.38862893882802
1.826320041752268 1.899639414856842
2.489577877025825 4.557044440953035
4.421598603231925 2.93305850449279
3.905368478018084 3.511543614593235
1.821229890907861 4.405136102727435
2.970424697054204 2.122045133800835
3.833385680147999 2.312197706630847
0.7790260857007913 4.646008220904132
2.149959856291074 5.77950244521231
2.801645671325808 3.354502406289369
1.693972721878705 5.118367552933949
4.234885152454748 3.122238156042107
3.081424556697216 2.338528476583554
2.64567887216958 3.263459293832564
2.545069374924986 2.958621608407077
4.356722165345927 0.718652640052604
3.419501233118063 3.607865443203019
4.230729868969098 2.551644978175664
5.348545744044829 3.45491121557081
0.539476004990599 4.200510869651243
2.253426111647596 5.932930311614723
4.036897761700168 2.263983852472509
1.005601380594908 3.343594867896521
3.056562093925408 3.773485180486515
3.050966321542406 3.246871483040556
3.404773468974828 2.153181197050775
3.112178289177174 4.476415914473383
4.849968943569753 1.37527536898694
2.413137220822783 3.829265318551654
5.506952879567785 1.963428817358563
1.30577550826682 3.806160492821574
1.459131620061592 2.703882184716396
2.535484970767942 3.468451956361362
1.577158814639142 4.632376277519897
1.673183184247223 2.447112143957402
3.417918797424288 2.58899976347763
2.450638643120585 3.077223831457205
1.30423916238424 3.273285894012763
2.465356826606051 3.549106405435352
4.207422174461204 3.992187542724661
3.736412530648364 4.890016474550955
3.038935850286956 1.813139784763737
4.692113350354007 0.5529428295958878
1.874771413510515 4.180931975458854
4.125151505308244 0.2844272491023062
1.564093711645305 1.543254359001088
1.011580191003255 2.984127646928607
2.466931572787435 3.281031829423567
1.76935661717367 3.986724437423754
4.253350164594856 3.776099974969332
1.498781295691775 3.680504833985399
1.442746309670022 4.360806384268029
0.3241137823366297 1.566533008253123
3.017595237721342 3.201813269718541
2.685659139073186 4.478452956007192
4.314268204851103 2.471861095069563
3.012121473999051 4.789611301113478
4.29524548884716 1.682021392623668
0.2626064073740733 2.510738023474595
1.773369016367749 3.801001950565777
5.228372719491579 4.430829495210219
3.097349714886345 2.498288326370859
2.072954597613391 3.091481353445913
2.132298091491074 2.849584293736225
0.08659765665261307 3.599478991907915
3.505258570681266 3.357727861400519
4.458877181394464 4.340092474782534
3.501466202131561 0.873270936957977
4.852473580424801 5.57664719681858
5.043180754675219 3.834308921495735
3.328612470950719 3.820845602932711
0.7329678295645599 4.137594736248795
0.5602897237031519 1.859300513306482
0.4384707877311399 3.876735708572311
2.339305247744599 3.789655708112437
3.987411927600903 3.549356299494514
1.85628172663153 3.25985682290781
4.084868935387358 3.126682593373214
4.570405721576538 2.309491693593702
2.488283583543813 3.792921549078295
4.126443358994561 3.461131608646405
3.524293370973669 4.419362600068855
1.154483000092978 3.134956625369773
1.534294784831581 1.407384668643746
0.7924027624998052 2.158742896943063
3.50963472421734 2.444285751804277
3.246361049465725 3.201900229320322
1.73274369515542 1.980121435938369
1.443120451757036 3.389527931759906
2.879687571890453 1.576005759000696
2.929299887091988 3.748153020417722
1.378420528805053 1.660097600550516
2.605332568038109 1.85098391874848
4.496956930218864 3.911397578477042
2.047703428850038 4.02855363098807
3.206970791759424 4.052831205876023
4.749253664875307 2.553675530510648
3.03759111419311 1.14531903971696
1.35354133611162 4.062801525942959
0.927151937166164 0.3559834842865548
5.367430780911196 1.81773143960544
1.029612457737427 2.515951694674977
2.834281127757705 2.414002754794723
1.451275348825388 2.250103203315068
2.830091072783345 3.914020853737683
2.353266556576847 2.855086986365652
2.763429074057537 4.195703798327559
1.723448538765331 3.674091366658058
3.990560751423117 3.867888515272373
2.467501041130896 2.454836515489724
2.977005172683914 3.81824998340269
4.257548375016495 2.674180725983493
4.85122853474026 2.130407009503399
2.621937425433605 3.606340254995685
0.6212213312714979 4.823419973768039
2.18043630024869 1.902685428819249
2.475143178834172 3.152885796911687
1.812551454698651 2.3059750954817
1.587012398570599 3.407771772419725
4.678626133090403 1.119777578373278
4.194135918454448 4.478477003577138
5.560051894939118 5.233563321990093
2.352824529772657 2.784120868483699
1.887137152322777 3.792584160011252
3.376952796955833 3.969554246922063
2.760764312129956 1.71762233058064
3.730014001605438 2.648821635964611
0.6205833844588681 1.258330882881618
4.693141346704127 3.12429523054766
3.799349018413446 3.041239004055892
3.715217960673991 1.84913186677451
5.216256284490283 2.462128352377821
2.733574038639798 3.121980630556465
4.94648205141086 2.205394448546495
4.01509146654871 3.647455843352062
2.0538597725254 4.470551279528595
2.726648864768652 5.505095029525555
2.218360917795478 3.661435824179374
0.6756095952376694 2.298459601287389
4.881065905069057 3.922228259880677
2.228697482922312 0.6115554428919679
2.594504996735039 3.214286359201692
2.68850216413938 2.321887332306777
