0.07192486015377973 0.05223447041856237
0.9217075601702638 0.01902482072680712
0.07403673967147467 0.03023114813979372
0.1667157734170143 0.07912649045099833
0.198177226786954 0.09245001767382031
0.8535435153002893 0.02050887286175373
0.8102515233682289 0.1079290579161545
0.6522213214793692 0.1385096745050652
0.6981892741118114 0.125988561244986
0.8801634211795976 0.1187837019519959
0.8743107743819065 0.07004847701134356
0.9459982154193054 0.06203738005189268
0.08685488647245466 0.1755668262731157
0.8570165286967549 0.1940037866170888
0.8484723066191771 0.07557398014275321
0.6504795763395552 0.008455202471265832
0.004781885497148434 0.114592024427779
0.4151697941410732 0.03928805472857918
0.7893883076706685 0.06836549714050519
0.350715543109695 0.1317598835882468
0.2153784156188935 0.1782231586523064
0.7423654083124803 0.192332868639579
0.8600195141640766 0.1075223035379868
0.9041795263375495 0.006319546808907564
0.6695452557697434 0.04156869898836718
0.9946509885673319 0.05719436885500295
0.1453980329611151 0.03138378329276167
0.9732906257038553 0.1819146148426795
0.7720319179298508 0.09016054071342193
0.05924552578182359 0.1938414691795678
0.1325125109152215 0.03111979628281895
0.986526626625881 0.1102110971568762
0.0996491922385805 0.005592350040727543
0.9706791551675816 0.01827272585605384
0.8734308273170397 0.1084469862988703
0.07994594799172117 0.01743847680614748
0.2655774731224416 0.14466208590726
0.9664703195628298 0.1090716338818875
0.005117942354555313 0.006030015201823779
0.9947575964180695 0.04431531643840447
0.7396134290336374 0.007243097723242348
0.7598746069585695 0.05656620047862208
0.9602670845196024 0.1530458189931268
0.8298508876270032 0.02049058052277797
0.8429823476118569 0.04902848357727416
0.1411417329201557 0.08184798214142061
0.8209201509784139 0.1928912129367937
0.04067299614779924 0.08863100389024631
0.8706745214175765 0.006226532535675281
0.8936764097356222 0.0342589762912727
0.1789083676289529 0.1450981242497754
0.09035718318548933 0.03878229131719693
0.6669104231341876 0.1930264130277733
0.4210532549816193 0.1342748127847655
0.7999727282174651 0.006580272480119291
0.01494849216065387 0.03969667066518197
0.6646727984729099 0.1091099475977059
0.9726840825464944 0.00534935555611262
0.1741721248055671 0.006758137114367144
0.8237867476760841 0.1383284344857185
0.6929131557557495 0.1435016218512951
0.7474959446327636 0.1249289790313329
0.9943850619327532 0.01790226027937025
0.8970931335849611 0.06137416539646319
0.1896099259897408 0.1527428072967036
0.1308084041365295 0.07888544768889559
0.7521476133266638 0.1086885238419319
0.6274471780664526 0.131712646813058
0.9866382069486926 0.09403429815325924
0.01617338162753754 0.09350503112322549
0.7208063941131737 0.007022941036745226
0.8003645326293667 0.04868957985204676
0.7929596536298619 0.1298778290559423
0.6760447019013228 0.177682330583304
0.8901264278964129 0.1951668897785236
0.1576110493171185 0.1112371247048231
0.9359277710530447 0.1559711355132969
0.1137893502896875 0.1441439328611551
0.8521385506154247 0.1813742814573922
0.7852417786694874 0.03744750077415719
0.3308596166116682 0.08764563539227775
0.1349565419435029 0.1121227014255323
0.2742668627806822 0.1263829503001617
0.8446782889694636 0.1931193835914802
0.2541991868445115 0.1927583216195451
0.2347972526778511 0.02063305507958106
0.3325094082379086 0.1211846020773851
0.09095302251282096 0.06326639166536177
0.8772448265249569 0.02012764574058035
0.2224514093086558 0.1035629502714388
0.8953883767438072 0.1372786444762906
0.3694055391312631 0.009355828331061316
0.8252901205393631 0.06684620092893873
0.2377614428201047 0.1024391333859976
0.7056919224758862 0.08632627731056888
0.9254939933362989 0.04510115016477861
0.005336181029223656 0.1700726945906963
0.06207225435730226 0.03033469526810852
0.1123760020892284 0.1704783616894422
0.9058655410659934 0.1158350614973471
0.04885229748702744 0.0994387345088191
0.06265598364654272 0.1793501422107152
0.1865532414303043 0.006796748986602701
0.2422176986454924 0.1316398600058676
0.7105904963893981 0.05271119624031482
0.9474063177705715 0.0481652319822551
0.746795063210233 0.1612861411103232
0.8289556538076016 0.1534341632198048
0.934364280965118 0.08383889044937803
0.1863504647394511 0.1778758601278838
0.7560768912209905 0.006716066585186514
0.8031216868851286 0.06301650349384087
0.1573702370658559 0.1569341554813752
0.8223097942432593 0.04033873159928585
0.2211198559052797 0.04816194732040328
0.556548950834897 0.1364114974802761
0.0374854732573951 0.1681657472433913
0.2656601180326436 0.05488809522578603
0.05013970545961228 0.03028581321429342
0.6185464740303291 0.04650648274332662
0.8168733485882841 0.1641014396575814
0.3454452564887077 0.1049549824446863
0.1295105231918689 0.05501158522163095
0.6898133961336225 0.1924929880737632
0.1201371858326911 0.03139303119269246
0.1790479000597762 0.07721183748655927
0.09409545251046846 0.1142468544783326
0.9432498695307984 0.1672035075548132
0.8601082770050887 0.1540661089610252
0.01456657828610581 0.1225972448223603
0.05775005369122569 0.01823905887816933
0.7448639204256349 0.08190979722098465
0.0262566805730441 0.0724942751185628
0.310861220412781 0.122495724937124
0.1721354392375696 0.03467463190333533
0.1427867579664754 0.05532669743491352
0.2141293100652349 0.1341424735846448
0.9242056691992008 0.1800035376363694
0.8124940990777568 0.007858105094566551
0.9205362340433607 0.1935824470738391
0.2730546756216262 0.007916943377222733
0.09278076240348176 0.1461161172764187
0.7634720483128576 0.02044938891605804
0.2984914520051323 0.1058545765470104
0.2544529720806872 0.09758986147328888
0.3605537634419254 0.02740709632387833
0.8831226144225232 0.1420076497343631
0.5533420337832391 0.05810679665973392
0.8105949669955963 0.08858427124129274
0.9705287469271078 0.1581625569087159
0.7612145744361779 0.07519485555696395
0.00563024621916158 0.1568586510368971
0.1545252563428138 0.08084110759717913
0.06445163537028495 0.1443782340102629
0.794626759226939 0.1112337486179713
0.1368632847859031 0.1935635088540097
0.264915457918625 0.06968942387721448
0.4938885240907531 0.1878516765280903
0.2736128422905669 0.1606011723196125
0.7110111943082157 0.02207961128795257
0.7444653422230449 0.1421236269964726
0.3074105505206914 0.08808247287697218
0.004652093321482615 0.05996755556322081
0.1942151933246267 0.1654625699881367
0.1347269290923939 0.1575543459191679
0.760698957083395 0.1357830330823721
0.9847809327643844 0.1558063230979021
0.9083431651493177 0.1696082719689905
0.7740919786970062 0.06227348059611998
0.9197746047282672 0.1665656044608219
0.178654188052237 0.04904335191450532
0.9483224260672942 0.1797336934487816
0.1239575091939083 0.09011286906488052
0.2329799917325465 0.1480016007096962
0.03548233206044599 0.01664535325307742
0.9561989747781138 0.114040302256971
0.7096425580457635 0.1923652819067452
0.2425173986882223 0.08772625108659245
0.08503408241314792 0.02860279053413374
0.3566577277080663 0.05119230516712443
0.9041223472275752 0.07306690501980251
0.01678659421026605 0.1804809400176617
0.09030159924141759 0.1027607630655969
0.170854200888277 0.1938206064140325
0.02579562682801319 0.1433047235152446
0.995144848128747 0.1796539606360965
0.8887067161665562 0.1083930719117046
0.7814614866245364 0.1182119403219308
0.8237699040328178 0.006939763462733816
0.01671389114012341 0.004450586201531817
0.995485260995687 0.102010050251256
0.2636684515258174 0.1771414642786374
0.8591771352497859 0.006312220179583159
0.3236270510015692 0.1394587999114954
0.956364304430668 0.0989910372785813
0.3031623372149406 0.02307574594365808
0.6048223439726309 0.02828407627010832
0.07942455275829148 0.1946695257561511
0.9124416504644699 0.1817397614049228
0.1114058590043861 0.06822697033139498
0.8348485361127554 0.07744975499887863
0.0154916582721928 0.06698810850804106
0.8328555624809012 0.1947648849362942
0.6749540309300038 0.1292111133939768
0.1568712389361617 0.127328339875768
0.8524819963405381 0.06138610338925576
0.1989823731014441 0.03543058910602358
0.6187252230083193 0.08873842519940078
0.9600666017632156 0.181005572194055
0.9171338433990174 0.0328249578967129
0.7561915449764128 0.1930508053337699
0.6394264421049083 0.192588383731486
0.9645974984634474 0.0678703881822889
0.05430155946015498 0.1372416288205473
0.8660825616539427 0.121019464903615
0.8917135935202513 0.1515250656822531
0.04542486272320535 0.1287505935044645
0.1035403838028737 0.1390744030740003
0.2475724916911047 0.02769812155875894
0.9269297648801711 0.005815096868663308
0.4437874143747998 0.1172546508321028
0.5891729865809462 0.009912947582812973
0.8998545118201364 0.178530217866943
0.2561945361240728 0.1616769306078165
0.9458380417448997 0.0186657322427347
0.1084393796062293 0.03113205863531215
0.03900720984167443 0.005329436364184263
0.7473867314722735 0.0660584119437831
0.6813326629337197 0.1616224233479605
0.7481466629404309 0.02277372387005031
0.9635645841261712 0.1937942084834217
0.00481430248966086 0.03214610551322132
0.9358577447004862 0.09736555475504183
0.4529406646936164 0.08883665661410374
0.09818727403247401 0.08225238269403021
0.9387423153185769 0.005860384056421804
0.2030016650504665 0.1492372273971805
0.9501680492363906 0.006107105220827865
0.1790769024557189 0.1284473308827026
0.6469824857337658 0.04980375122888568
0.8432278963462777 0.1721614751900807
0.1584612646213944 0.1787588625328948
0.9158062591253415 0.1413926140380017
0.1246017457571949 0.04346414939469069
0.06958738972012754 0.1053218592411812
0.7907025821714279 0.175306596591018
0.2043309897870953 0.1191951239093906
0.1926167275395563 0.02115074906478688
0.02593589724564065 0.02110929242077854
0.005190449682771264 0.08645912778178104
0.9350887118362623 0.1267747993474796
0.8309698518011137 0.1260415212161315
0.1029139495774596 0.0563860036070748
0.1626767201991542 0.006702282217485409
0.901203980751703 0.04671546441510986
0.7708920148672334 0.03272115627040541
0.313701329099578 0.007167201702691391
0.2531793593647312 0.07725188509298278
0.3761696921834227 0.1320882132349407
0.6569486859950786 0.1609870261116922
0.389111628522745 0.08974398193673316
0.8856661934015033 0.06574767780270871
0.7261813591217591 0.08558902431582435
0.9055027077746436 0.03334510807002097
0.9945951214866127 0.03095307437069234
0.8883633345551653 0.1827611452968428
0.775828711648863 0.1324607880354728
0.81011089318872 0.0386910823322249
0.9771298104027234 0.1023902643933719
0.0570945900915214 0.1104283605332219
0.2570113863273444 0.008947962925278047
0.637340037992295 0.02916637485823711
0.9155184733527439 0.006226705352973001
0.07839087583733677 0.08281384044848271
0.2378765223184409 0.1928980208837222
0.9669148646554296 0.09469243821604445
0.8477732625046147 0.006624743024712162
0.09731661270376817 0.02916778456393118
0.8393920056233197 0.1133565290434977
0.0160614894111825 0.1942378809234317
0.5615084721284653 0.1099021772784401
0.5127989550224411 0.05394188687136903
0.273673936471715 0.0395962199021769
0.07765420479473156 0.06952113064558274
0.2578643487561461 0.1291762972438369
0.9856154856920291 0.07848108561424143
0.8504928282138351 0.1439885892004734
0.7871820127511672 0.05351252580666306
0.3405451134769824 0.03461021456623824
0.5698101240171469 0.03126259794214523
0.08917240932173734 0.1924359467386314
0.449503573831615 0.03278503972308677
0.8443676091942263 0.1574720891883024
0.1483877022642602 0.1943023806221553
0.07942095809185365 0.005476024079305672
0.8641021679551874 0.1401414518587164
0.8698087456155791 0.08378739298361801
0.6171896233915252 0.1124276715314864
0.8612520769060903 0.07309051419208809
0.06857600714106207 0.01843584845825475
0.9613881032059647 0.006252198955238726
0.1251679355733924 0.194041879858361
0.4293661653925412 0.1873021155561618
0.1246122915587252 0.104262265052997
0.7301821056079222 0.1487494708034757
0.3976747417609702 0.06188868041730066
0.3301834680293779 0.05329878226862005
0.1039956329490319 0.1068796388939224
0.0464881548993767 0.01839053324519368
0.005315255782415267 0.1436201495776876
0.7156776615150741 0.06984905919035431
0.07004734126200038 0.005901453464540471
0.08573986760473441 0.1361016628075858
0.7717321515536711 0.006886388049529573
0.3261911145293565 0.1736285244966779
0.2797977035931766 0.1060270406403374
0.04796664056391622 0.08008365556978023
0.8432466242090655 0.1295391770866257
0.8698657442607395 0.1646373182305479
0.7978409425662363 0.03337784317058422
0.004989190240832705 0.1944723618090448
0.12428006380377 0.1356770449948827
0.1829204780276477 0.1927849096136069
0.2388845195416128 0.0452446248448713
0.4895661877683251 0.09787866994227272
0.2175511767795156 0.1490487647705381
0.1148538009175084 0.1129144579775277
0.004980673940491134 0.09990417158633647
0.08692612672433815 0.1227070703619232
0.2485547082531728 0.1148714889998244
0.9753831013396584 0.07253900124342941
0.1657959870553102 0.1671284065598487
0.8260863255447367 0.1112539750028691
0.242687185255242 0.007334494622647752
0.5625666516539272 0.08275468871692201
0.02402406137456192 0.04638785603630456
0.2056923589519344 0.07748055840613173
0.08114522706863608 0.151390301454339
0.8052925424549631 0.1768197423545209
0.115190027494843 0.01881715736535749
0.1462637661261162 0.1048967458426667
0.9509534164319188 0.0331008353028073
0.984940837956839 0.1911903951433448
0.6028993355469054 0.1679962712802893
0.2078702413202803 0.1048186119416454
0.2299421810064818 0.06014519125643634
0.7743291033407321 0.1794249555103038
0.3948648697607391 0.1474473598542949
0.2553098182251555 0.04232662566928131
0.718930684826833 0.1762656322352319
0.414135868443638 0.1651704115605887
0.6767712001334802 0.008270774947351388
0.7860000945263284 0.006440801034410516
0.8518240531659867 0.1175079253036217
0.8989902837276372 0.02000875837217115
0.9846676681399267 0.1767101414773694
0.05744303162998 0.07303205373709026
0.9158303079500947 0.0692258752484247
0.1569333004252226 0.1432048372830577
0.1008452614525291 0.1946816893087919
0.7130157055895273 0.139260836188848
0.0165799239939785 0.1665202462228285
0.02783762373009101 0.1773784497200963
0.1454322710673853 0.1812925943314252
0.1935556884529339 0.1069236335306219
0.2129691902652387 0.00670571280794878
0.2366057081049468 0.07339999745223182
0.03757709942037386 0.02884142186966297
0.9156896983340085 0.1101101663095835
0.137899462187813 0.1694781302268215
0.03553651217174091 0.1367185696943683
0.1698689853975079 0.1044515782689702
0.9092278313872425 0.05824797639855327
0.0416402626292893 0.04012896788306456
0.06890099911578476 0.09075433038821115
0.9553452231183595 0.1660693362978696
0.04606185786683294 0.05319373994383884
0.6459371672107204 0.07461218465625002
0.9553714530487458 0.1286866669045119
0.1246646303268624 0.16700825584175
0.3256279869388022 0.02131766358065795
0.6714652190177087 0.1467043094010588
0.9456947674598963 0.1203926202739418
0.3159863879020494 0.03832701569029182
0.0248646538643448 0.129221951471581
0.04538638779442475 0.1582964680268563
0.1595634452753642 0.1926150473789544
0.1720177943363235 0.06184063943358122
0.933516433618866 0.01808540795794094
0.2015792567285495 0.1339152100107505
0.1319586290867393 0.1807043446623382
0.09214775182214149 0.01739255534763723
0.941181220810376 0.1934822203362328
0.9008662702698808 0.1035456520907924
0.1651197536584765 0.04731382064241565
0.9521230896435102 0.1936319798987853
0.8738846454450371 0.1321841196171303
0.7393000278042252 0.09754379145696795
0.8039513837949197 0.1213196360987872
0.5773870863297201 0.1874056504646413
0.7797689022151293 0.02124774137627732
0.7322797879636322 0.06972563575868383
0.4804743993362051 0.1562165850668838
0.03466730773219641 0.1106124367608075
0.1078487528670967 0.1821997669149744
0.9362345918820563 0.1115107166547525
0.06034037193949239 0.05191884435961842
0.1201721481915108 0.1811438428909911
0.8358766212523713 0.006607168358804848
0.7892960049036926 0.1576649291895989
0.01589097806417831 0.02765454714378414
0.09623459340761149 0.1821063192947151
0.9954847035347897 0.08580595914912645
0.3962739759446691 0.1889831394863844
0.9245226639479011 0.07677784436205302
0.935511069869959 0.1431420967951314
0.7880471891953276 0.08607867752993274
0.6417667436170045 0.09779755426158396
0.2278284126310699 0.08863848651857137
0.158869370081587 0.03304555558680511
0.1456471334436668 0.1518752769708007
0.9828893431498438 0.02266284403026381
0.9945331353615812 0.00532322319324167
0.7997652215182981 0.1454325857735272
0.1911315422760559 0.1220374394662068
0.06915225809106858 0.1930540461446772
0.1726348857571474 0.1796563312584406
0.900174251701401 0.160577413463766
0.1132302383304037 0.1941090069366778
0.03731511402394816 0.09945398714966451
0.9950580490720751 0.193878554789244
0.280336602475149 0.07298944208789496
0.2129884767235816 0.09035106078399537
0.2089430671723706 0.1931455257074799
0.856321380366887 0.130434378533973
0.8877174807284265 0.02167258817183564
0.2395935003463593 0.1625483841831592
0.3136229894180338 0.19176171287255
0.09996748612769291 0.1688891124768555
0.2925568693893772 0.1592672371809768
0.420716965933162 0.07332792486137107
0.2931992531517084 0.03886873058141521
0.1131264224362335 0.1584788432391588
0.6990379223603704 0.1607247372070709
0.1241412905226847 0.1512708249822992
0.8731729488986302 0.1496217792611792
0.1954157370785922 0.1930407299383701
0.9753992875767995 0.1328786434660034
0.1995476134718728 0.006796563986404017
0.8473959644093678 0.03496765954563877
0.9944350042595347 0.1650982426264577
0.9039784997443429 0.1463531042537516
0.3192172270527805 0.07040325409397498
0.05558517990321806 0.1230572149270911
0.8658812945059221 0.05893780811287542
0.9954089189786292 0.1182445031504082
0.1460762739552464 0.1360412475570048
0.2842335974004636 0.05539824943051559
0.5019891565685409 0.1291379187636494
0.1375717862722817 0.04327711148919904
0.9245989937646686 0.1518791403089198
0.1792413589401927 0.02117771765828254
0.5358461349638224 0.189396924251817
0.7387435634999425 0.03629997822704809
0.2085640062687421 0.1639073764230695
0.005335791524794962 0.1825678658853827
0.07948252285620441 0.04244130589221474
0.05394980314597475 0.04210751944782074
0.8372883222037535 0.1425865240054474
0.06008393336662394 0.09870033808078713
0.3689505678867065 0.1100073628685717
0.1159412492466011 0.05572571127475723
0.1990165294565887 0.0642538320568169
0.14607834226892 0.1198372914629073
0.005131384970845214 0.07346292303088134
0.7856488932781249 0.142995761824699
0.9749268753462186 0.1469858067087536
0.112448459648896 0.04389755851290086
0.152019829879024 0.006374400750440631
0.8788327245517545 0.1927043745179102
0.7782097393530926 0.165622267827585
0.1477179064730614 0.09217055989591406
0.9750490824402368 0.1950374604254822
0.9739590505504865 0.03198836643156208
0.8793130376252513 0.09670847595435372
0.04854139811393645 0.1946216613521795
0.8416477236096612 0.02121605642003598
0.2917570302351196 0.00751048504966173
0.8929194329612415 0.07736186300507869
0.9361630187485392 0.1803262806916603
0.8721591156311652 0.03142616485425878
0.9377674901858799 0.04129306878450505
0.04447791647333001 0.1443857934410244
0.9285267632854419 0.03124159012926058
0.5295283021586239 0.1101406308825146
0.8002692707295918 0.07887573799419487
0.3970498487596177 0.1169215842885442
0.01644990236168752 0.08047470273144434
0.6865630237881584 0.0255957450307753
0.09125034921919191 0.1603546473974462
0.6245463712413047 0.06652156481139408
0.8653602303615134 0.01937528619452323
0.8138834462281854 0.07320759569469228
0.02682358305584898 0.1922895860144576
0.7269523572171717 0.1916636138688482
0.2275185384338157 0.1331236407674395
0.0886894034697798 0.08926295003722551
0.004874207467968243 0.01923140730203882
0.7691027748021025 0.1059895504743677
0.5956504023392925 0.07297771938828078
0.4699671826602639 0.1257353566117893
0.7571249564077037 0.1779844821653093
0.8298173333738617 0.05215886165735462
0.0554680194404706 0.1514803327328841
0.9230323935245681 0.05907394288941373
0.3653405394718633 0.1904905600881665
0.6467976735912411 0.119336095413023
0.7959380306173185 0.1919548961606319
0.2307981435392485 0.1778598570360199
0.6995366909250118 0.007971222551017055
0.9706812995115147 0.04491838208553699
0.7142371362827717 0.1576003901364662
0.6294128290441154 0.1730350988184191
0.8598879747234724 0.03367505961752593
0.8176730813488529 0.1225252376926904
0.7566918668767848 0.03845617590821073
0.8651552119982215 0.1789649043965661
0.9557009380741703 0.08518069457088702
0.9952878621004563 0.1335435458825323
0.03757273964606681 0.1945490725232572
0.1508753025742197 0.04381904206302911
0.1417644588730151 0.005859420665700351
0.9669555054519691 0.1700793570591573
0.8564756882680173 0.04761013766185223
0.9102976413982181 0.01972942426759281
0.7303915193645897 0.1640894895873961
0.1006639851420253 0.07040796265507322
0.699247343213549 0.177184528747544
0.799370754144644 0.0968954590204478
0.2719780237072085 0.1926155941824286
0.1095010042566225 0.0838054178443081
0.839178629499462 0.063698985329491
0.756887065930098 0.09276841607316791
0.9949738491175067 0.07069694732916058
0.09063596913654505 0.05065338712303952
0.6860318965698849 0.09388292158909066
0.9060241986386951 0.1312062888670682
0.3594358623120042 0.08718215599156402
0.8909023916877881 0.09334925521597066
0.9352332180829818 0.05465525121358329
0.06754175613960052 0.1178664448185155
0.7202175677403765 0.1016176361195048
0.05476530613244154 0.0614358954789793
0.964910736635965 0.1395131876761785
0.8821022725494087 0.006732538075978815
0.1133308127525641 0.1290441110143135
0.9828205279385138 0.05027038986998286
0.7398419856742746 0.176983622117983
0.7342367412690383 0.1136618220917507
0.4605493744333919 0.1843526573509794
0.08829189759769533 0.07529277808950491
0.793170561415964 0.01994110208680009
0.07918952962338305 0.09751698322219308
0.1354375940566439 0.09597139853083424
0.945647992479945 0.09096201881507077
0.610631670143498 0.1904023445953537
0.03635675385625151 0.07630830177625567
0.09663229194574015 0.1301326438823249
0.5095472563543245 0.0137790292935529
0.1133224142921573 0.09726507920247507
0.772433934622652 0.04703574372379051
0.1244327544291217 0.1206176892857007
0.4457659752764908 0.05856279228675705
0.2831956433908444 0.1428141830906707
0.7645462923228759 0.1203851870774049
0.4802494651318323 0.06780509148767591
0.06686663364295269 0.04112565253898202
0.2200444822884977 0.02080570296128936
0.5785239189952311 0.1552918756937329
0.9237649214294938 0.09094753624076793
0.1025876625736447 0.1537402279635076
0.9307182949109778 0.1675750733013929
0.2646132645523189 0.1109316035991182
0.2823985252109549 0.1764784159072971
0.8485434846732794 0.1013849849673335
0.6841843276217463 0.1128530440916074
0.926178806093057 0.118275808132042
0.9131582486549201 0.08340489548791881
0.01435367379753649 0.05352625742509858
0.8561521330444288 0.1671665602214684
0.606304975665069 0.1435808946744671
0.9126665058275936 0.1557895172340643
0.8248925333457796 0.08503400656266549
0.2273684695583725 0.0065449245083755
0.02750925248871637 0.03470846699123559
0.1528086300852999 0.01948009154319167
0.06914759009718127 0.155780668117759
0.3632839800530725 0.1521905738862719
0.954446416531668 0.07172227310116927
0.8085436558494281 0.1926728994886725
0.4189135960094146 0.1002641155946548
0.6326758211732614 0.1532190015465371
0.05157654097844879 0.1831304631774511
0.5874864415893497 0.05092773803933352
0.5288489890850724 0.1441066973338936
0.9832204779774874 0.007901326336103555
0.8342423751852464 0.03565675262125643
0.02713721628472754 0.1627362530448168
0.9401210909383534 0.02936430887358148
0.8094769310177031 0.1348094185733057
0.9440725837907095 0.07680042636327934
0.1395325378703055 0.01880284746271713
0.8698586414918857 0.04466392841473976
0.02553622038492639 0.1010875332868483
0.1364031084608772 0.06711126628650982
0.8956055599932479 0.1208175531003496
0.1805986619151822 0.1120196532819829
0.2136641986583611 0.06258641710288187
0.9662175973021458 0.08084445683553401
0.9472596806049702 0.1529040028904708
0.8822348320277387 0.03759532278139544
0.6666936595256997 0.06319696803788853
0.9839409708893235 0.03736690875402987
0.9256088100072873 0.134437577839486
0.8192389246394869 0.02547964768120346
0.01525034077034833 0.1374274467960662
0.2059722320260997 0.02105902388736062
0.1660286468535721 0.0206081732544814
0.9305961748420574 0.193603814669601
0.8200038116987113 0.09849856587342265
0.3031043624736477 0.1754488326156373
0.9761785109682156 0.1173852321125623
0.05622944597457905 0.0873801097605196
0.04993573915627125 0.005860220508638223
0.246804061956904 0.1775256245352108
0.1044835899770529 0.1208584862638556
0.3831571678664784 0.03885449477534896
0.7024619387259577 0.1061530665106897
0.0339496926769154 0.1524055437503412
0.9718367910065893 0.05809465530656627
0.8027262466790281 0.1612829185241982
0.192166566596484 0.04996765113702983
0.1679547327575015 0.1361410386702735
0.1314003451234848 0.006180390475448091
0.298122433655959 0.07124487029327628
0.2685647257179763 0.0890299990799898
0.04557674305693357 0.1137316202331781
0.4283823509394725 0.01197905943691449
0.2917672901910586 0.1922796234442305
0.06706937771137285 0.06392606416912322
0.5511531364047306 0.01054396075273275
0.8776846064887077 0.1761336231486411
0.3730691516365161 0.06723253420597368
0.9856808698292572 0.1408056274046143
0.8427647284875482 0.08858525405599831
0.9441091883480138 0.1349627012719072
0.8893964734884132 0.04957375502677811
0.2060689727079826 0.04939668108939027
0.6827861340266334 0.07549521945072868
0.2640350236950008 0.02502433639756535
0.7834556276236498 0.19225263159015
0.1237938634894921 0.06659232789326791
0.2873700202935735 0.08936619890871411
0.8562894038088309 0.08812417110287157
0.3413524833620122 0.008725084877817294
0.2182214249359029 0.1185989060661692
0.3441451092161738 0.07043183181005701
0.9102475044128776 0.1947596303159387
0.9767185979055305 0.08736943804653156
0.878276794633132 0.0543708862470796
0.004879836258357009 0.1293207280930503
0.07632106710471838 0.1815462117033941
0.7582681553755749 0.1502006751352543
0.6645504263297113 0.08788122888581097
0.1102084980289618 0.005981533598458206
0.9629708256760089 0.03118385597025103
0.7636610264368707 0.1646305854079035
0.3135368603853059 0.1575278176344083
0.3197672466097428 0.1043371516498006
0.1683166836175154 0.119946951702983
0.380245207954882 0.1695330491855093
0.9952952322519983 0.1492528136866466
0.1352984033186237 0.1277168455893507
0.6866523815899711 0.05070055678053383
0.6619275081725523 0.02487694353149987
0.4844305446702137 0.03738151106328613
0.101277143190656 0.04301543047656466
0.06046943168475793 0.005781884741318822
0.9584477178785463 0.05682234677531209
0.3377115226904123 0.1913271699012294
0.1037165922828657 0.01805149998982711
0.8342173391035415 0.1819510801825877
0.8820372624728031 0.08222316874049715
0.925666406757868 0.1038923937470653
0.5348128483955367 0.03399704051384024
0.5882632442008876 0.1255854081104116
0.730467502358267 0.1312254663602106
0.1006715099326916 0.09461443213793484
0.01768366988586966 0.1524069799263592
0.0672856392963051 0.07813437191710224
0.3382271339369785 0.1538333511986791
0.02758091402746388 0.006466353632699557
0.06523312791891551 0.1313198281065644
0.3054033030389193 0.05407063788677489
0.2489764309735548 0.1465861298637358
0.523487320638785 0.08134960171770016
0.7303224213937572 0.02169395731335784
0.1838325654780939 0.09538576286822413
0.119127095152866 0.07840213666742163
0.2237256234561135 0.1634617803243007
0.7732041058703867 0.1500193342837518
0.8683492644862244 0.1926811321484721
0.08011923130430999 0.1649842953297514
0.6529785383669461 0.1789267014899673
0.9854399117390161 0.1256825325093432
0.5126716740903113 0.1669595565389375
0.7009705120934423 0.03747333785301871
0.9587303679087196 0.04409356345071978
0.9018623113285735 0.08837435812481975
0.232819443174068 0.1174036983462686
0.2132696404889435 0.03493249897520129
0.8339334415821807 0.0985712150939779
0.1612168095583152 0.06782376354376504
0.4459388339172067 0.1539319122508809
0.9576665757202171 0.01923762146706369
0.01572192108213332 0.01530542258256776
0.02439654425625547 0.1153873710828899
0.6976732359383521 0.0668671938235683
0.282416176799923 0.02350015417576784
0.9465547727171231 0.1055027210380344
0.9837710631006035 0.06364628824518612
0.8198509610390939 0.1784274873422747
0.5518838015588435 0.1682271009599386
0.03526736836283748 0.1231994612753269
0.004652093321482615 0.04577070844064112
0.1499429897543933 0.16684790756353
0.1915011804277662 0.07977038680466624
0.8903935272595875 0.1689049580875539
0.1897029583024105 0.1377380823655672
0.9136810230535558 0.0461890266651047
0.9161633026507852 0.1248818541447403
0.1718317360271598 0.09050524508222792
0.1792258547534508 0.1634470745217326
0.03590928696321134 0.06188733078159175
0.08010939798964331 0.1121832288755476
0.1855498544879524 0.06405453156334955
0.1207626464135102 0.006055644181901669
0.2911876166813185 0.1235549806572706
0.9793686449859755 0.1671060163904028
0.716457999151682 0.1200108623820418
0.02793755148974197 0.08731778418159057
0.08070675382749305 0.0576296277959053
0.7695934426817327 0.1933919499553165
0.1854940994610705 0.03541030223677081
0.7767776415568411 0.07632103847992258
0.2478188162540939 0.0597994051392542
0.05852366292870939 0.164182545485949
0.7290812058438495 0.05328006392105757
0.9659677777678743 0.1243120760163471
0.03440887949314947 0.0486360736498633
0.3511226372106104 0.1725360979068853
0.8153975474667987 0.05492261688693088
0.7452540683708355 0.05023926883961046
0.7210753214215944 0.03724805050009609
0.2230186619037634 0.1927671821106756
0.1558582210867988 0.05641289565859811
0.2208361512652585 0.07534135695130781
0.06977598235388803 0.1694449246253147
0.8310634450975107 0.1669887046467323
0.8818167648549072 0.1596545008386304
0.8662138274092742 0.09644647295379112
0.6226857019662458 0.01009203163880424
0.3020320540612739 0.140703493025655
0.07502859926701219 0.1403610892981505
0.7837316840213836 0.1011190001246956
0.04928196236343133 0.1715436412606398
0.9124470904562388 0.09766797363548838
0.01487469982600873 0.1076608355382576
0.5909805263637632 0.09914293954618694
0.1594264084972891 0.09557141307410008
0.1270375650215175 0.01890573645463722
0.2008095431763891 0.1790358037107973
0.9337691668772455 0.06829953437633496
0.9533023255098065 0.1420748646057824
0.3968922922134153 0.01347709306569106
0.08924557257758965 0.005618359145577222
0.1349432266601344 0.1429207990544551
0.8867905624630016 0.1288726203517689
0.07627165745892764 0.1264068888180802
0.1482673329321028 0.06882783773088506
0.0251265603251469 0.05909566035179285
0.04550703875958172 0.06793466341532735
0.8142694587634098 0.1496755713096201
0.8931058670426716 0.006669750156989065
0.4686426805579748 0.01113238914889521
0.1689850186216377 0.1521178170303965
0.9003749584731355 0.1922241110677216
0.8071411534133391 0.02176370970931771
0.2287922606756641 0.03431362670221837
0.03915537333938274 0.1819579976194943
