0.000000000000000000e+00 0.000000000000000000e+00 6.687901000000000096e+00 0.000000000000000000e+00 0.000000000000000000e+00 0.000000000000000000e+00
9.887695000000000164e-03 3.315584999999999867e-06 4.099136999999999809e+00 9.259386000000000005e-02 0.000000000000000000e+00 3.037641000000000212e-03
3.442383000000000248e-02 5.796782000000000059e-06 3.194701999999999931e+00 8.094294999999999962e-02 0.000000000000000000e+00 1.066344999999999967e-02
7.104491999999999752e-02 9.665969000000000492e-06 3.469019999999999992e+00 1.349701000000000095e-01 0.000000000000000000e+00 2.208511999999999975e-02
1.069336000000000036e-01 5.198951999999999957e-04 3.653779999999999806e+00 7.259519000000000055e+00 5.857266000000000512e-04 3.584969999999999823e-02
1.435547000000000073e-01 4.689226000000000223e-04 3.288743000000000194e+00 6.547767999999999589e+00 8.785899000000000226e-04 4.697849999999999943e-02
1.801757999999999971e-01 4.479687999999999791e-04 3.160978000000000065e+00 6.255180000000000184e+00 1.952421999999999990e-04 5.761920000000000236e-02
2.167968999999999868e-01 4.348261000000000075e-04 3.047241999999999784e+00 6.071663000000000032e+00 3.904843999999999980e-04 7.089566999999999397e-02
2.534179999999999766e-01 4.203629000000000068e-04 2.955893000000000104e+00 5.869707000000000008e+00 4.881055000000000246e-04 8.348878999999999329e-02
2.900390999999999941e-01 3.944423999999999760e-04 2.767576000000000036e+00 5.507768000000000441e+00 1.952421999999999990e-04 9.442235999999999685e-02
3.266602000000000117e-01 3.809258999999999844e-04 2.677883000000000013e+00 5.319030999999999842e+00 5.857266000000000512e-04 1.032083000000000028e-01
3.632812000000000263e-01 3.851603999999999792e-04 2.703088000000000157e+00 5.378160000000000274e+00 9.762109999999999950e-05 1.112131999999999982e-01
3.999022999999999883e-01 3.683698000000000116e-04 2.587890999999999941e+00 5.143705999999999889e+00 4.881055000000000246e-04 1.215610000000000024e-01
4.365234000000000059e-01 3.585376000000000144e-04 2.522917000000000076e+00 5.006414000000000364e+00 4.881055000000000246e-04 1.288826000000000138e-01
4.731445000000000234e-01 3.548097999999999855e-04 2.498569999999999958e+00 4.954360999999999571e+00 9.762109999999999950e-05 1.387423000000000128e-01
5.097656000000000409e-01 3.372728999999999875e-04 2.366028000000000020e+00 4.709486000000000061e+00 3.904843999999999980e-04 1.465519999999999878e-01
5.463867000000000029e-01 3.242882000000000100e-04 2.268002000000000073e+00 4.528175000000000061e+00 5.857266000000000512e-04 1.575832000000000066e-01
5.830077999999999649e-01 2.963832000000000120e-04 2.073665000000000092e+00 4.138525999999999705e+00 4.881055000000000246e-04 1.650999999999999968e-01
6.196289000000000380e-01 2.817469000000000180e-04 1.970337999999999923e+00 3.934152000000000093e+00 1.952421999999999990e-04 1.723240000000000050e-01
6.562500000000000000e-01 2.863615999999999926e-04 2.003356000000000137e+00 3.998588999999999949e+00 0.000000000000000000e+00 1.784740999999999966e-01
6.928710999999999620e-01 2.940412999999999794e-04 2.056742999999999988e+00 4.105825000000000280e+00 0.000000000000000000e+00 1.863814000000000026e-01
7.294922000000000351e-01 2.856967000000000187e-04 2.014425000000000132e+00 3.989306000000000019e+00 2.928633000000000256e-04 1.949721000000000093e-01
7.661132999999999971e-01 2.495859999999999919e-04 1.749802000000000080e+00 3.485075999999999841e+00 3.904843999999999980e-04 2.014151000000000136e-01
8.027343999999999591e-01 2.508526999999999979e-04 1.758775999999999895e+00 3.502763999999999989e+00 1.952421999999999990e-04 2.084438000000000124e-01
8.393555000000000321e-01 2.613326999999999924e-04 1.848317999999999905e+00 3.649100999999999928e+00 1.952421999999999990e-04 2.146916000000000102e-01
8.759765999999999941e-01 2.529133000000000032e-04 1.792972000000000010e+00 3.531537000000000148e+00 1.952421999999999990e-04 2.218179000000000123e-01
9.125976999999999562e-01 2.290570000000000128e-04 1.609175999999999940e+00 3.198421999999999876e+00 1.952421999999999990e-04 2.280656000000000072e-01
9.484863000000000044e-01 2.606649000000000037e-06 1.555083999999999911e+00 3.639774999999999955e-02 0.000000000000000000e+00 2.327515000000000001e-01
9.799805000000000321e-01 2.263431000000000048e-04 1.586206999999999923e+00 6.321050999999999753e+00 9.762109999999999950e-05 2.367538999999999894e-01
1.005614999999999926e+00 3.173360999999999957e-06 1.675060999999999911e+00 8.862200000000000633e-02 0.000000000000000000e+00 2.404634999999999967e-01
1.026122999999999896e+00 1.292407000000000093e-06 1.633062999999999931e+00 3.609286999999999912e-02 0.000000000000000000e+00 2.442707000000000073e-01
1.044434000000000085e+00 2.295850000000000050e-04 1.633842000000000017e+00 6.411586999999999925e+00 3.904843999999999980e-04 2.476875000000000049e-01
1.062743999999999911e+00 3.061103000000000091e-06 1.655774999999999997e+00 8.548698000000000408e-02 0.000000000000000000e+00 2.510066000000000241e-01
1.081787000000000054e+00 1.023727999999999967e-05 1.636346999999999996e+00 2.858950000000000102e-01 0.000000000000000000e+00 2.545209999999999972e-01
1.113280999999999965e+00 2.505741000000000240e-04 1.793044000000000082e+00 3.498873000000000122e+00 2.928633000000000256e-04 2.606710999999999889e-01
1.146973000000000020e+00 2.156441000000000044e-04 1.526321999999999957e+00 3.011130000000000084e+00 9.762109999999999950e-05 2.674069000000000029e-01
1.177734000000000059e+00 1.819217000000000035e-04 1.290475000000000039e+00 2.540251000000000037e+00 1.952421999999999990e-04 2.707261000000000251e-01
1.210693000000000019e+00 2.040289000000000092e-06 1.225767999999999969e+00 2.848942999999999962e-02 0.000000000000000000e+00 2.745332999999999801e-01
1.243651999999999980e+00 1.730457000000000024e-04 1.212490000000000068e+00 2.416310999999999876e+00 9.762109999999999950e-05 2.791215000000000224e-01
1.280272999999999994e+00 1.677906000000000059e-04 1.175656000000000034e+00 2.342931999999999793e+00 1.952421999999999990e-04 2.828311000000000019e-01
1.315430000000000099e+00 1.695102000000000089e-04 1.189203999999999928e+00 2.366944000000000159e+00 3.904843999999999980e-04 2.870287999999999728e-01
1.350586000000000064e+00 1.681362000000000047e-04 1.182644999999999946e+00 2.347757999999999790e+00 3.904843999999999980e-04 2.899573999999999763e-01
1.385742000000000029e+00 1.700936000000000006e-04 1.198545999999999889e+00 2.375089000000000006e+00 9.762109999999999950e-05 2.943504000000000120e-01
1.420897999999999994e+00 1.678723000000000021e-04 1.173604000000000092e+00 2.344072999999999851e+00 2.928633000000000256e-04 2.990361999999999743e-01
1.455322000000000005e+00 1.247698000000000086e-06 1.115768000000000093e+00 1.742213999999999915e-02 0.000000000000000000e+00 3.024529000000000245e-01
1.490479000000000109e+00 2.057108999999999789e-06 1.050160999999999900e+00 2.872430000000000122e-02 0.000000000000000000e+00 3.066505999999999954e-01
1.526367000000000029e+00 1.517892000000000069e-04 1.064650000000000096e+00 2.119496999999999964e+00 9.762109999999999950e-05 3.093839999999999923e-01
1.562988000000000044e+00 1.462920999999999948e-04 1.026087999999999889e+00 2.042739999999999778e+00 3.904843999999999980e-04 3.136792999999999942e-01
1.598877000000000104e+00 0.000000000000000000e+00 1.001538999999999957e+00 0.000000000000000000e+00 0.000000000000000000e+00 3.175841999999999832e-01
1.635497999999999896e+00 5.200829000000000202e-07 1.031687999999999938e+00 7.262140000000000262e-03 0.000000000000000000e+00 3.227580999999999922e-01
1.671386999999999956e+00 1.416921999999999984e-04 9.961712999999999818e-01 1.978509000000000073e+00 1.952421999999999990e-04 3.262725000000000208e-01
1.707275000000000098e+00 1.391830999999999965e-06 9.445710999999999968e-01 1.943473000000000075e-02 0.000000000000000000e+00 3.294940000000000091e-01
1.743163999999999936e+00 1.284392000000000086e-04 9.040804999999999536e-01 1.793450999999999906e+00 0.000000000000000000e+00 3.314463999999999744e-01
1.779784999999999950e+00 1.249951999999999921e-04 8.755355999999999694e-01 1.745360999999999940e+00 9.762109999999999950e-05 3.352535999999999849e-01
1.814940999999999915e+00 1.329396000000000104e-04 9.299427000000000110e-01 1.856292000000000053e+00 9.762109999999999950e-05 3.386702999999999797e-01
1.851561999999999930e+00 1.317703999999999946e-04 9.248872999999999678e-01 1.839966999999999908e+00 0.000000000000000000e+00 3.415014000000000105e-01
1.888184000000000085e+00 1.145079999999999953e-04 8.045164999999999678e-01 1.598924000000000012e+00 1.952421999999999990e-04 3.452109999999999901e-01
1.924805000000000099e+00 1.221500999999999945e-04 8.569006000000000123e-01 1.705634000000000094e+00 9.762109999999999950e-05 3.478467000000000087e-01
1.958496000000000015e+00 1.195608999999999957e-04 8.384859999999999536e-01 1.669480000000000075e+00 1.952421999999999990e-04 3.512635000000000063e-01
1.978637999999999897e+00 0.000000000000000000e+00 8.014301000000000341e-01 0.000000000000000000e+00 0.000000000000000000e+00 3.528254000000000112e-01
1.996947999999999945e+00 2.531807999999999850e-07 8.620784999999999698e-01 7.070545000000000128e-03 0.000000000000000000e+00 3.552659000000000233e-01
2.014892999999999823e+00 9.046413000000000219e-05 1.292742000000000058e+00 2.526378999999999930e+00 9.762109999999999950e-05 3.577064999999999828e-01
2.033202999999999872e+00 1.641870999999999988e-04 1.482812999999999937e+00 4.585231000000000279e+00 2.928633000000000256e-04 3.609280000000000266e-01
2.051514000000000060e+00 9.883624000000000359e-06 1.066273999999999944e+00 2.760185000000000000e-01 0.000000000000000000e+00 3.627828000000000164e-01
2.069824000000000108e+00 1.280816999999999904e-04 8.978650000000000242e-01 3.576919000000000182e+00 1.952421999999999990e-04 3.649303999999999881e-01
2.089965999999999990e+00 0.000000000000000000e+00 9.020610000000000017e-01 0.000000000000000000e+00 0.000000000000000000e+00 3.665900000000000269e-01
2.110473999999999961e+00 0.000000000000000000e+00 1.019697000000000076e+00 0.000000000000000000e+00 0.000000000000000000e+00 3.687375999999999987e-01
2.129150000000000098e+00 1.900601000000000135e-05 1.107966999999999924e+00 5.307779999999999720e-01 0.000000000000000000e+00 3.701042999999999972e-01
2.147460999999999842e+00 1.725843000000000071e-04 1.340735999999999928e+00 4.819738000000000078e+00 0.000000000000000000e+00 3.726424999999999876e-01
2.166138000000000119e+00 2.943345000000000076e-08 1.506664000000000003e+00 8.219837000000000020e-04 0.000000000000000000e+00 3.754735000000000156e-01
2.184448000000000167e+00 0.000000000000000000e+00 1.644544999999999924e+00 0.000000000000000000e+00 0.000000000000000000e+00 3.791830999999999952e-01
2.202758999999999912e+00 8.927190000000000147e-08 1.791036999999999990e+00 2.493084000000000012e-03 0.000000000000000000e+00 3.826975000000000238e-01
2.221068999999999960e+00 1.059695999999999925e-05 3.977675000000000072e+00 2.959397000000000277e-01 0.000000000000000000e+00 3.873832999999999860e-01
2.238646999999999831e+00 1.017830000000000056e-07 3.075743000000000116e+00 2.842479000000000186e-03 0.000000000000000000e+00 3.939238999999999935e-01
2.256958000000000020e+00 0.000000000000000000e+00 1.900760999999999923e+00 0.000000000000000000e+00 0.000000000000000000e+00 3.981216000000000199e-01
2.275634999999999852e+00 6.703602000000000128e-06 1.660698000000000008e+00 1.872105000000000019e-01 0.000000000000000000e+00 4.014406999999999837e-01
2.296508999999999912e+00 0.000000000000000000e+00 1.559317000000000064e+00 0.000000000000000000e+00 0.000000000000000000e+00 4.042717000000000116e-01
2.314818999999999960e+00 0.000000000000000000e+00 1.975764999999999993e+00 0.000000000000000000e+00 0.000000000000000000e+00 4.067123000000000266e-01
2.330382999999999871e+00 1.512014000000000055e-06 4.302870000000000417e+00 8.445157000000000358e-02 0.000000000000000000e+00 4.103241999999999723e-01
2.348145000000000149e+00 3.453776999999999780e-04 2.562355999999999856e+00 9.645314000000000831e+00 5.857266000000000512e-04 4.161814999999999820e-01
2.369019000000000208e+00 0.000000000000000000e+00 2.322097999999999995e+00 0.000000000000000000e+00 0.000000000000000000e+00 4.208672999999999997e-01
2.387328999999999812e+00 0.000000000000000000e+00 2.651422999999999863e+00 0.000000000000000000e+00 0.000000000000000000e+00 4.243816999999999728e-01
2.405640000000000001e+00 0.000000000000000000e+00 3.213222000000000023e+00 0.000000000000000000e+00 0.000000000000000000e+00 4.297507999999999884e-01
2.424316000000000138e+00 3.269735999999999758e-04 2.712346000000000146e+00 9.131344999999999601e+00 1.952421999999999990e-04 4.352175999999999823e-01
2.443725999999999843e+00 0.000000000000000000e+00 2.686008999999999869e+00 0.000000000000000000e+00 0.000000000000000000e+00 4.398058000000000245e-01
2.462035999999999891e+00 0.000000000000000000e+00 2.552913999999999906e+00 0.000000000000000000e+00 0.000000000000000000e+00 4.448821000000000025e-01
2.480713000000000168e+00 8.507102000000000056e-05 2.492399999999999949e+00 2.375766000000000044e+00 9.762109999999999950e-05 4.501535999999999871e-01
2.500853999999999910e+00 0.000000000000000000e+00 2.346248999999999807e+00 0.000000000000000000e+00 0.000000000000000000e+00 4.549370999999999832e-01
2.519896999999999831e+00 0.000000000000000000e+00 2.345483999999999902e+00 0.000000000000000000e+00 0.000000000000000000e+00 4.600134000000000167e-01
2.538574000000000108e+00 2.398362000000000128e-04 2.246881000000000128e+00 6.697871000000000130e+00 2.928633000000000256e-04 4.649921000000000193e-01
2.558349999999999902e+00 5.577055000000000087e-05 2.103329000000000004e+00 1.557495999999999992e+00 0.000000000000000000e+00 4.684088000000000140e-01
2.576659999999999950e+00 2.327499999999999925e-04 2.060588999999999782e+00 6.499975000000000058e+00 1.952421999999999990e-04 4.720208000000000181e-01
2.596068999999999960e+00 0.000000000000000000e+00 2.069522999999999779e+00 0.000000000000000000e+00 0.000000000000000000e+00 4.758279999999999732e-01
2.614380000000000148e+00 0.000000000000000000e+00 1.892876000000000003e+00 0.000000000000000000e+00 0.000000000000000000e+00 4.795376000000000083e-01
2.632690000000000197e+00 0.000000000000000000e+00 2.051471999999999962e+00 0.000000000000000000e+00 0.000000000000000000e+00 4.835400999999999727e-01
2.651000999999999941e+00 0.000000000000000000e+00 1.997713000000000072e+00 0.000000000000000000e+00 0.000000000000000000e+00 4.868591999999999920e-01
2.669312000000000129e+00 0.000000000000000000e+00 1.922649999999999970e+00 0.000000000000000000e+00 0.000000000000000000e+00 4.907639999999999780e-01
2.687987999999999822e+00 2.050424000000000072e-04 1.790864999999999929e+00 5.726188999999999751e+00 3.904843999999999980e-04 4.950593999999999828e-01
2.706299000000000010e+00 5.870900000000000321e-05 1.885051000000000032e+00 1.639558000000000071e+00 0.000000000000000000e+00 4.980856000000000172e-01
2.725341999999999931e+00 4.456817000000000260e-05 1.778526999999999969e+00 1.244648999999999894e+00 0.000000000000000000e+00 5.009166000000000452e-01
2.743651999999999980e+00 2.018939000000000085e-04 1.775214999999999987e+00 5.638262000000000107e+00 0.000000000000000000e+00 5.031619000000000508e-01
2.761963000000000168e+00 5.550976999999999962e-05 1.780688999999999966e+00 1.550213000000000063e+00 9.762109999999999950e-05 5.064809999999999590e-01
2.780640000000000001e+00 0.000000000000000000e+00 1.797312000000000021e+00 0.000000000000000000e+00 0.000000000000000000e+00 5.089215000000000266e-01
2.798950000000000049e+00 0.000000000000000000e+00 1.700987000000000027e+00 0.000000000000000000e+00 0.000000000000000000e+00 5.120453999999999839e-01
2.817260999999999793e+00 0.000000000000000000e+00 1.697286000000000072e+00 0.000000000000000000e+00 0.000000000000000000e+00 5.152668999999999722e-01
2.835570999999999842e+00 0.000000000000000000e+00 1.681804999999999994e+00 0.000000000000000000e+00 0.000000000000000000e+00 5.179027000000000491e-01
2.854248000000000118e+00 5.030684000000000029e-05 1.568488000000000104e+00 1.404911999999999939e+00 0.000000000000000000e+00 5.212217999999999574e-01
2.872558999999999862e+00 1.678379999999999879e-04 1.509740000000000082e+00 4.687187999999999910e+00 9.762109999999999950e-05 5.249314000000000480e-01
2.890868999999999911e+00 4.722444999999999811e-05 1.415105999999999975e+00 1.318829999999999947e+00 0.000000000000000000e+00 5.277623999999999649e-01
2.909180000000000099e+00 1.686639000000000031e-04 1.430385000000000018e+00 4.710251999999999661e+00 9.762109999999999950e-05 5.300076999999999705e-01
2.927490000000000148e+00 3.314199000000000149e-05 1.417842000000000047e+00 9.255516999999999772e-01 0.000000000000000000e+00 5.323506000000000071e-01
2.945800999999999892e+00 1.691184000000000036e-04 1.447073999999999971e+00 4.722944000000000031e+00 9.762109999999999950e-05 5.350840000000000041e-01
2.964110999999999940e+00 4.600932000000000150e-05 1.451905000000000001e+00 1.284896000000000038e+00 0.000000000000000000e+00 5.372316999999999787e-01
2.982422000000000128e+00 1.555263000000000088e-04 1.382273000000000085e+00 4.343360999999999805e+00 0.000000000000000000e+00 5.391841000000000550e-01
